1 0 0 0 10 0 10 0 0 0 0 0 0 0 0 0 0 0 0 0 0 0 0 0 0 0 0 0 0 0 0 0 0 0 0 0 0 0 0 0 0 0 0 0 0 0 0 0 0 0 0 0 0 0 0 0 0 0 0 0 0 0 0 0 0 0 0 0 0 0 0 0 0 0 0 0 0 0 0 0 0 0 0 0 0 0 0 0 1 0 1 0 0 0 0 0 0 0 0 0 0 0 0 10000 100 371
2 1 0 0 10 0 10 0 0 0 0 0 0 0 0 0 0 0 0 0 0 0 0 0 0 0 0 0 0 0 0 0 0 0 0 0 0 0 0 0 0 0 0 0 0 0 0 0 0 0 0 0 0 0 0 0 0 0 0 0 0 0 0 0 0 0 0 1 0 0 1 0 0 0 0 0 0 0 0 0 0 0 0 0 0 0 0 0 2 0 2 0 0 0 0 0 0 0 0 0 0 0 0 10000 100 56
1 0 0 0 10 0 10 0 0 0 0 0 0 0 0 0 0 0 0 0 0 0 0 0 0 0 0 0 0 0 0 0 0 0 0 0 0 0 0 0 0 0 0 0 0 0 0 0 0 0 0 0 0 0 0 0 0 0 0 0 0 0 0 0 0 0 0 0 0 0 0 0 0 0 0 0 0 0 0 0 0 0 0 0 0 0 0 0 1 0 1 0 0 0 0 0 0 0 0 0 0 0 0 10000 100 329
2 1 0 0 10 0 10 0 0 0 0 0 0 0 0 0 0 0 0 0 0 0 0 0 0 0 0 0 0 0 0 0 0 0 0 0 0 0 0 0 0 0 0 0 0 0 0 0 0 0 0 0 0 0 0 0 0 0 0 0 0 0 0 0 0 0 0 1 0 0 1 0 0 0 0 0 0 0 0 0 0 0 0 0 0 0 0 0 2 0 2 0 0 0 0 0 0 0 0 0 0 0 0 10000 100 54
1 0 0 0 10 0 10 0 0 0 0 0 0 0 0 0 0 0 0 0 0 0 0 0 0 0 0 0 0 0 0 0 0 0 0 0 0 0 0 0 0 0 0 0 0 0 0 0 0 0 0 0 0 0 0 0 0 0 0 0 0 0 0 0 0 0 0 0 0 0 0 0 0 0 0 0 0 0 0 0 0 0 0 0 0 0 0 0 1 0 1 0 0 0 0 0 0 0 0 0 0 0 0 10000 100 5988
2 1 0 0 10 0 10 0 0 0 0 0 0 0 0 0 0 0 0 0 0 0 0 0 0 0 0 0 0 0 0 0 0 0 0 0 0 0 0 0 0 0 0 0 0 0 0 0 0 0 0 0 0 0 0 0 0 0 0 0 0 0 0 0 0 0 0 1 0 0 1 0 0 0 0 0 0 0 0 0 0 0 0 0 0 0 0 0 2 0 2 0 0 0 0 0 0 0 0 0 0 0 0 10000 100 41
1 0 0 0 10 0 10 0 0 0 0 0 0 0 0 0 0 0 0 0 0 0 0 0 0 0 0 0 0 0 0 0 0 0 0 0 0 0 0 0 0 0 0 0 0 0 0 0 0 0 0 0 0 0 0 0 0 0 0 0 0 0 0 0 0 0 0 0 0 0 0 0 0 0 0 0 0 0 0 0 0 0 0 0 0 0 0 0 1 0 1 0 0 0 0 1 0 1 0 0 0 0 0 10000 100 337
2 1 0 0 10 0 10 0 0 0 0 0 0 0 0 0 0 0 0 0 0 0 0 0 0 0 0 0 0 0 0 0 0 0 0 0 0 0 0 0 0 0 0 0 0 0 0 0 0 0 0 0 0 0 0 0 0 0 0 0 0 0 0 0 0 0 0 1 0 0 1 0 0 0 0 0 0 0 0 0 0 0 0 0 0 0 0 0 2 0 2 0 0 0 0 1 0 0 1 0 0 0 0 10000 100 46
1 0 0 0 2 0 2 0 0 0 0 0 0 0 0 0 0 0 2 0 2 0 0 0 0 2 0 2 0 0 0 0 1 0 1 0 0 0 0 3 0 3 0 0 0 0 0 0 0 0 0 0 0 0 0 0 0 0 0 0 0 0 0 0 0 0 0 0 0 0 0 0 0 0 0 0 0 0 0 0 0 0 0 0 0 0 0 0 1 0 1 0 0 0 0 1 0 1 0 0 0 0 0 1 1 397
1 0 0 0 2 0 2 0 0 0 0 0 0 0 0 0 0 0 2 0 2 0 0 0 0 2 0 2 0 0 0 0 1 0 1 0 0 0 0 3 0 3 0 0 0 0 0 0 0 0 0 0 0 0 0 0 0 0 0 0 0 0 0 0 0 0 0 0 0 0 0 0 0 0 0 0 0 0 0 0 0 0 0 0 0 0 0 0 1 0 1 0 0 0 0 1 0 1 0 0 0 0 0 100 1 30
1 0 0 0 2 0 2 0 0 0 0 0 0 0 0 0 0 0 2 0 2 0 0 0 0 2 0 2 0 0 0 0 1 0 1 0 0 0 0 3 0 3 0 0 0 0 0 0 0 0 0 0 0 0 0 0 0 0 0 0 0 0 0 0 0 0 0 0 0 0 0 0 0 0 0 0 0 0 0 0 0 0 0 0 0 0 0 0 1 0 1 0 0 0 0 1 0 1 0 0 0 0 0 1000 1 36
1 0 0 0 2 0 2 0 0 0 0 0 0 0 0 0 0 0 2 0 2 0 0 0 0 2 0 2 0 0 0 0 1 0 1 0 0 0 0 3 0 3 0 0 0 0 0 0 0 0 0 0 0 0 0 0 0 0 0 0 0 0 0 0 0 0 0 0 0 0 0 0 0 0 0 0 0 0 0 0 0 0 0 0 0 0 0 0 1 0 1 0 0 0 0 1 0 1 0 0 0 0 0 10000 1 30
1 0 0 0 2 0 2 0 0 0 0 0 0 0 0 0 0 0 2 0 2 0 0 0 0 2 0 2 0 0 0 0 1 0 1 0 0 0 0 3 0 3 0 0 0 0 0 0 0 0 0 0 0 0 0 0 0 0 0 0 0 0 0 0 0 0 0 0 0 0 0 0 0 0 0 0 0 0 0 0 0 0 0 0 0 0 0 0 1 0 1 0 0 0 0 1 0 1 0 0 0 0 0 100000 1 25
1 0 0 0 2 0 2 0 0 0 0 0 0 0 0 0 0 0 2 0 2 0 0 0 0 2 0 2 0 0 0 0 1 0 1 0 0 0 0 3 0 3 0 0 0 0 0 0 0 0 0 0 0 0 0 0 0 0 0 0 0 0 0 0 0 0 0 0 0 0 0 0 0 0 0 0 0 0 0 0 0 0 0 0 0 0 0 0 1 0 1 0 0 0 0 1 0 1 0 0 0 0 0 1000000 1 18
1 0 0 0 2 0 2 0 0 0 0 0 0 0 0 0 0 0 2 0 2 0 0 0 0 2 0 2 0 0 0 0 1 0 1 0 0 0 0 3 0 3 0 0 0 0 0 0 0 0 0 0 0 0 0 0 0 0 0 0 0 0 0 0 0 0 0 0 0 0 0 0 0 0 0 0 0 0 0 0 0 0 0 0 0 0 0 0 1 0 1 0 0 0 0 1 0 1 0 0 0 0 0 10000000 1 18
1 0 0 0 2 0 2 0 0 0 0 0 0 0 0 0 0 0 2 0 2 0 0 0 0 2 0 2 0 0 0 0 1 0 1 0 0 0 0 3 0 3 0 0 0 0 0 0 0 0 0 0 0 0 0 0 0 0 0 0 0 0 0 0 0 0 0 0 0 0 0 0 0 0 0 0 0 0 0 0 0 0 0 0 0 0 0 0 1 0 1 0 0 0 0 1 0 1 0 0 0 0 0 20000000 1 16
1 0 0 0 2 0 2 0 0 0 0 0 0 0 0 0 0 0 2 0 2 0 0 0 0 2 0 2 0 0 0 0 1 0 1 0 0 0 0 3 0 3 0 0 0 0 0 0 0 0 0 0 0 0 0 0 0 0 0 0 0 0 0 0 0 0 0 0 0 0 0 0 0 0 0 0 0 0 0 0 0 0 0 0 0 0 0 0 1 0 1 0 0 0 0 1 0 1 0 0 0 0 0 1 10 14
1 0 0 0 2 0 2 0 0 0 0 0 0 0 0 0 0 0 2 0 2 0 0 0 0 2 0 2 0 0 0 0 1 0 1 0 0 0 0 3 0 3 0 0 0 0 0 0 0 0 0 0 0 0 0 0 0 0 0 0 0 0 0 0 0 0 0 0 0 0 0 0 0 0 0 0 0 0 0 0 0 0 0 0 0 0 0 0 1 0 1 0 0 0 0 1 0 1 0 0 0 0 0 100 10 13
1 0 0 0 2 0 2 0 0 0 0 0 0 0 0 0 0 0 2 0 2 0 0 0 0 2 0 2 0 0 0 0 1 0 1 0 0 0 0 3 0 3 0 0 0 0 0 0 0 0 0 0 0 0 0 0 0 0 0 0 0 0 0 0 0 0 0 0 0 0 0 0 0 0 0 0 0 0 0 0 0 0 0 0 0 0 0 0 1 0 1 0 0 0 0 1 0 1 0 0 0 0 0 1000 10 16
1 0 0 0 2 0 2 0 0 0 0 0 0 0 0 0 0 0 2 0 2 0 0 0 0 2 0 2 0 0 0 0 1 0 1 0 0 0 0 3 0 3 0 0 0 0 0 0 0 0 0 0 0 0 0 0 0 0 0 0 0 0 0 0 0 0 0 0 0 0 0 0 0 0 0 0 0 0 0 0 0 0 0 0 0 0 0 0 1 0 1 0 0 0 0 1 0 1 0 0 0 0 0 10000 10 15
1 0 0 0 2 0 2 0 0 0 0 0 0 0 0 0 0 0 2 0 2 0 0 0 0 2 0 2 0 0 0 0 1 0 1 0 0 0 0 3 0 3 0 0 0 0 0 0 0 0 0 0 0 0 0 0 0 0 0 0 0 0 0 0 0 0 0 0 0 0 0 0 0 0 0 0 0 0 0 0 0 0 0 0 0 0 0 0 1 0 1 0 0 0 0 1 0 1 0 0 0 0 0 100000 10 15
1 0 0 0 2 0 2 0 0 0 0 0 0 0 0 0 0 0 2 0 2 0 0 0 0 2 0 2 0 0 0 0 1 0 1 0 0 0 0 3 0 3 0 0 0 0 0 0 0 0 0 0 0 0 0 0 0 0 0 0 0 0 0 0 0 0 0 0 0 0 0 0 0 0 0 0 0 0 0 0 0 0 0 0 0 0 0 0 1 0 1 0 0 0 0 1 0 1 0 0 0 0 0 1000000 10 12
1 0 0 0 2 0 2 0 0 0 0 0 0 0 0 0 0 0 2 0 2 0 0 0 0 2 0 2 0 0 0 0 1 0 1 0 0 0 0 3 0 3 0 0 0 0 0 0 0 0 0 0 0 0 0 0 0 0 0 0 0 0 0 0 0 0 0 0 0 0 0 0 0 0 0 0 0 0 0 0 0 0 0 0 0 0 0 0 1 0 1 0 0 0 0 1 0 1 0 0 0 0 0 10000000 10 16
1 0 0 0 2 0 2 0 0 0 0 0 0 0 0 0 0 0 2 0 2 0 0 0 0 2 0 2 0 0 0 0 1 0 1 0 0 0 0 3 0 3 0 0 0 0 0 0 0 0 0 0 0 0 0 0 0 0 0 0 0 0 0 0 0 0 0 0 0 0 0 0 0 0 0 0 0 0 0 0 0 0 0 0 0 0 0 0 1 0 1 0 0 0 0 1 0 1 0 0 0 0 0 20000000 10 14
1 0 0 0 2 0 2 0 0 0 0 0 0 0 0 0 0 0 2 0 2 0 0 0 0 2 0 2 0 0 0 0 1 0 1 0 0 0 0 3 0 3 0 0 0 0 0 0 0 0 0 0 0 0 0 0 0 0 0 0 0 0 0 0 0 0 0 0 0 0 0 0 0 0 0 0 0 0 0 0 0 0 0 0 0 0 0 0 1 0 1 0 0 0 0 1 0 1 0 0 0 0 0 1 100 12
1 0 0 0 2 0 2 0 0 0 0 0 0 0 0 0 0 0 2 0 2 0 0 0 0 2 0 2 0 0 0 0 1 0 1 0 0 0 0 3 0 3 0 0 0 0 0 0 0 0 0 0 0 0 0 0 0 0 0 0 0 0 0 0 0 0 0 0 0 0 0 0 0 0 0 0 0 0 0 0 0 0 0 0 0 0 0 0 1 0 1 0 0 0 0 1 0 1 0 0 0 0 0 100 100 11
1 0 0 0 2 0 2 0 0 0 0 0 0 0 0 0 0 0 2 0 2 0 0 0 0 2 0 2 0 0 0 0 1 0 1 0 0 0 0 3 0 3 0 0 0 0 0 0 0 0 0 0 0 0 0 0 0 0 0 0 0 0 0 0 0 0 0 0 0 0 0 0 0 0 0 0 0 0 0 0 0 0 0 0 0 0 0 0 1 0 1 0 0 0 0 1 0 1 0 0 0 0 0 1000 100 11
1 0 0 0 2 0 2 0 0 0 0 0 0 0 0 0 0 0 2 0 2 0 0 0 0 2 0 2 0 0 0 0 1 0 1 0 0 0 0 3 0 3 0 0 0 0 0 0 0 0 0 0 0 0 0 0 0 0 0 0 0 0 0 0 0 0 0 0 0 0 0 0 0 0 0 0 0 0 0 0 0 0 0 0 0 0 0 0 1 0 1 0 0 0 0 1 0 1 0 0 0 0 0 10000 100 11
1 0 0 0 2 0 2 0 0 0 0 0 0 0 0 0 0 0 2 0 2 0 0 0 0 2 0 2 0 0 0 0 1 0 1 0 0 0 0 3 0 3 0 0 0 0 0 0 0 0 0 0 0 0 0 0 0 0 0 0 0 0 0 0 0 0 0 0 0 0 0 0 0 0 0 0 0 0 0 0 0 0 0 0 0 0 0 0 1 0 1 0 0 0 0 1 0 1 0 0 0 0 0 100000 100 26
1 0 0 0 2 0 2 0 0 0 0 0 0 0 0 0 0 0 2 0 2 0 0 0 0 2 0 2 0 0 0 0 1 0 1 0 0 0 0 3 0 3 0 0 0 0 0 0 0 0 0 0 0 0 0 0 0 0 0 0 0 0 0 0 0 0 0 0 0 0 0 0 0 0 0 0 0 0 0 0 0 0 0 0 0 0 0 0 1 0 1 0 0 0 0 1 0 1 0 0 0 0 0 1000000 100 12
1 0 0 0 2 0 2 0 0 0 0 0 0 0 0 0 0 0 2 0 2 0 0 0 0 2 0 2 0 0 0 0 1 0 1 0 0 0 0 3 0 3 0 0 0 0 0 0 0 0 0 0 0 0 0 0 0 0 0 0 0 0 0 0 0 0 0 0 0 0 0 0 0 0 0 0 0 0 0 0 0 0 0 0 0 0 0 0 1 0 1 0 0 0 0 1 0 1 0 0 0 0 0 10000000 100 11
1 0 0 0 2 0 2 0 0 0 0 0 0 0 0 0 0 0 2 0 2 0 0 0 0 2 0 2 0 0 0 0 1 0 1 0 0 0 0 3 0 3 0 0 0 0 0 0 0 0 0 0 0 0 0 0 0 0 0 0 0 0 0 0 0 0 0 0 0 0 0 0 0 0 0 0 0 0 0 0 0 0 0 0 0 0 0 0 1 0 1 0 0 0 0 1 0 1 0 0 0 0 0 20000000 100 12
1 0 0 0 2 0 2 0 0 0 0 0 0 0 0 0 0 0 2 0 2 0 0 0 0 2 0 2 0 0 0 0 1 0 1 0 0 0 0 3 0 3 0 0 0 0 0 0 0 0 0 0 0 0 0 0 0 0 0 0 0 0 0 0 0 0 0 0 0 0 0 0 0 0 0 0 0 0 0 0 0 0 0 0 0 0 0 0 1 0 1 0 0 0 0 1 0 1 0 0 0 0 0 1 1000 11
1 0 0 0 2 0 2 0 0 0 0 0 0 0 0 0 0 0 2 0 2 0 0 0 0 2 0 2 0 0 0 0 1 0 1 0 0 0 0 3 0 3 0 0 0 0 0 0 0 0 0 0 0 0 0 0 0 0 0 0 0 0 0 0 0 0 0 0 0 0 0 0 0 0 0 0 0 0 0 0 0 0 0 0 0 0 0 0 1 0 1 0 0 0 0 1 0 1 0 0 0 0 0 100 1000 12
1 0 0 0 2 0 2 0 0 0 0 0 0 0 0 0 0 0 2 0 2 0 0 0 0 2 0 2 0 0 0 0 1 0 1 0 0 0 0 3 0 3 0 0 0 0 0 0 0 0 0 0 0 0 0 0 0 0 0 0 0 0 0 0 0 0 0 0 0 0 0 0 0 0 0 0 0 0 0 0 0 0 0 0 0 0 0 0 1 0 1 0 0 0 0 1 0 1 0 0 0 0 0 1000 1000 9
1 0 0 0 2 0 2 0 0 0 0 0 0 0 0 0 0 0 2 0 2 0 0 0 0 2 0 2 0 0 0 0 1 0 1 0 0 0 0 3 0 3 0 0 0 0 0 0 0 0 0 0 0 0 0 0 0 0 0 0 0 0 0 0 0 0 0 0 0 0 0 0 0 0 0 0 0 0 0 0 0 0 0 0 0 0 0 0 1 0 1 0 0 0 0 1 0 1 0 0 0 0 0 10000 1000 9
1 0 0 0 2 0 2 0 0 0 0 0 0 0 0 0 0 0 2 0 2 0 0 0 0 2 0 2 0 0 0 0 1 0 1 0 0 0 0 3 0 3 0 0 0 0 0 0 0 0 0 0 0 0 0 0 0 0 0 0 0 0 0 0 0 0 0 0 0 0 0 0 0 0 0 0 0 0 0 0 0 0 0 0 0 0 0 0 1 0 1 0 0 0 0 1 0 1 0 0 0 0 0 100000 1000 14
1 0 0 0 2 0 2 0 0 0 0 0 0 0 0 0 0 0 2 0 2 0 0 0 0 2 0 2 0 0 0 0 1 0 1 0 0 0 0 3 0 3 0 0 0 0 0 0 0 0 0 0 0 0 0 0 0 0 0 0 0 0 0 0 0 0 0 0 0 0 0 0 0 0 0 0 0 0 0 0 0 0 0 0 0 0 0 0 1 0 1 0 0 0 0 1 0 1 0 0 0 0 0 1000000 1000 11
1 0 0 0 2 0 2 0 0 0 0 0 0 0 0 0 0 0 2 0 2 0 0 0 0 2 0 2 0 0 0 0 1 0 1 0 0 0 0 3 0 3 0 0 0 0 0 0 0 0 0 0 0 0 0 0 0 0 0 0 0 0 0 0 0 0 0 0 0 0 0 0 0 0 0 0 0 0 0 0 0 0 0 0 0 0 0 0 1 0 1 0 0 0 0 1 0 1 0 0 0 0 0 10000000 1000 22
1 0 0 0 2 0 2 0 0 0 0 3 0 3 0 0 0 0 0 0 0 0 0 0 0 1 0 1 0 0 0 0 3 0 3 0 0 0 0 0 0 0 0 0 0 0 0 0 0 0 0 0 0 1 0 1 0 0 0 0 0 0 0 0 0 0 0 0 0 0 0 0 0 0 0 0 0 0 0 0 0 0 0 0 0 0 0 0 1 0 1 0 0 0 0 1 0 1 0 0 0 0 0 1 1 2180
1 0 0 0 2 0 2 0 0 0 0 3 0 3 0 0 0 0 0 0 0 0 0 0 0 1 0 1 0 0 0 0 3 0 3 0 0 0 0 0 0 0 0 0 0 0 0 0 0 0 0 0 0 1 0 1 0 0 0 0 0 0 0 0 0 0 0 0 0 0 0 0 0 0 0 0 0 0 0 0 0 0 0 0 0 0 0 0 1 0 1 0 0 0 0 1 0 1 0 0 0 0 0 100 1 26
1 0 0 0 2 0 2 0 0 0 0 3 0 3 0 0 0 0 0 0 0 0 0 0 0 1 0 1 0 0 0 0 3 0 3 0 0 0 0 0 0 0 0 0 0 0 0 0 0 0 0 0 0 1 0 1 0 0 0 0 0 0 0 0 0 0 0 0 0 0 0 0 0 0 0 0 0 0 0 0 0 0 0 0 0 0 0 0 1 0 1 0 0 0 0 1 0 1 0 0 0 0 0 1000 1 27
1 0 0 0 2 0 2 0 0 0 0 3 0 3 0 0 0 0 0 0 0 0 0 0 0 1 0 1 0 0 0 0 3 0 3 0 0 0 0 0 0 0 0 0 0 0 0 0 0 0 0 0 0 1 0 1 0 0 0 0 0 0 0 0 0 0 0 0 0 0 0 0 0 0 0 0 0 0 0 0 0 0 0 0 0 0 0 0 1 0 1 0 0 0 0 1 0 1 0 0 0 0 0 10000 1 33
1 0 0 0 2 0 2 0 0 0 0 3 0 3 0 0 0 0 0 0 0 0 0 0 0 1 0 1 0 0 0 0 3 0 3 0 0 0 0 0 0 0 0 0 0 0 0 0 0 0 0 0 0 1 0 1 0 0 0 0 0 0 0 0 0 0 0 0 0 0 0 0 0 0 0 0 0 0 0 0 0 0 0 0 0 0 0 0 1 0 1 0 0 0 0 1 0 1 0 0 0 0 0 100000 1 20
1 0 0 0 2 0 2 0 0 0 0 3 0 3 0 0 0 0 0 0 0 0 0 0 0 1 0 1 0 0 0 0 3 0 3 0 0 0 0 0 0 0 0 0 0 0 0 0 0 0 0 0 0 1 0 1 0 0 0 0 0 0 0 0 0 0 0 0 0 0 0 0 0 0 0 0 0 0 0 0 0 0 0 0 0 0 0 0 1 0 1 0 0 0 0 1 0 1 0 0 0 0 0 1000000 1 21
1 0 0 0 2 0 2 0 0 0 0 3 0 3 0 0 0 0 0 0 0 0 0 0 0 1 0 1 0 0 0 0 3 0 3 0 0 0 0 0 0 0 0 0 0 0 0 0 0 0 0 0 0 1 0 1 0 0 0 0 0 0 0 0 0 0 0 0 0 0 0 0 0 0 0 0 0 0 0 0 0 0 0 0 0 0 0 0 1 0 1 0 0 0 0 1 0 1 0 0 0 0 0 10000000 1 34
1 0 0 0 2 0 2 0 0 0 0 3 0 3 0 0 0 0 0 0 0 0 0 0 0 1 0 1 0 0 0 0 3 0 3 0 0 0 0 0 0 0 0 0 0 0 0 0 0 0 0 0 0 1 0 1 0 0 0 0 0 0 0 0 0 0 0 0 0 0 0 0 0 0 0 0 0 0 0 0 0 0 0 0 0 0 0 0 1 0 1 0 0 0 0 1 0 1 0 0 0 0 0 20000000 1 20
1 0 0 0 2 0 2 0 0 0 0 3 0 3 0 0 0 0 0 0 0 0 0 0 0 1 0 1 0 0 0 0 3 0 3 0 0 0 0 0 0 0 0 0 0 0 0 0 0 0 0 0 0 1 0 1 0 0 0 0 0 0 0 0 0 0 0 0 0 0 0 0 0 0 0 0 0 0 0 0 0 0 0 0 0 0 0 0 1 0 1 0 0 0 0 1 0 1 0 0 0 0 0 1 10 19
1 0 0 0 2 0 2 0 0 0 0 3 0 3 0 0 0 0 0 0 0 0 0 0 0 1 0 1 0 0 0 0 3 0 3 0 0 0 0 0 0 0 0 0 0 0 0 0 0 0 0 0 0 1 0 1 0 0 0 0 0 0 0 0 0 0 0 0 0 0 0 0 0 0 0 0 0 0 0 0 0 0 0 0 0 0 0 0 1 0 1 0 0 0 0 1 0 1 0 0 0 0 0 100 10 15
1 0 0 0 2 0 2 0 0 0 0 3 0 3 0 0 0 0 0 0 0 0 0 0 0 1 0 1 0 0 0 0 3 0 3 0 0 0 0 0 0 0 0 0 0 0 0 0 0 0 0 0 0 1 0 1 0 0 0 0 0 0 0 0 0 0 0 0 0 0 0 0 0 0 0 0 0 0 0 0 0 0 0 0 0 0 0 0 1 0 1 0 0 0 0 1 0 1 0 0 0 0 0 1000 10 22
1 0 0 0 2 0 2 0 0 0 0 3 0 3 0 0 0 0 0 0 0 0 0 0 0 1 0 1 0 0 0 0 3 0 3 0 0 0 0 0 0 0 0 0 0 0 0 0 0 0 0 0 0 1 0 1 0 0 0 0 0 0 0 0 0 0 0 0 0 0 0 0 0 0 0 0 0 0 0 0 0 0 0 0 0 0 0 0 1 0 1 0 0 0 0 1 0 1 0 0 0 0 0 10000 10 18
1 0 0 0 2 0 2 0 0 0 0 3 0 3 0 0 0 0 0 0 0 0 0 0 0 1 0 1 0 0 0 0 3 0 3 0 0 0 0 0 0 0 0 0 0 0 0 0 0 0 0 0 0 1 0 1 0 0 0 0 0 0 0 0 0 0 0 0 0 0 0 0 0 0 0 0 0 0 0 0 0 0 0 0 0 0 0 0 1 0 1 0 0 0 0 1 0 1 0 0 0 0 0 100000 10 19
1 0 0 0 2 0 2 0 0 0 0 3 0 3 0 0 0 0 0 0 0 0 0 0 0 1 0 1 0 0 0 0 3 0 3 0 0 0 0 0 0 0 0 0 0 0 0 0 0 0 0 0 0 1 0 1 0 0 0 0 0 0 0 0 0 0 0 0 0 0 0 0 0 0 0 0 0 0 0 0 0 0 0 0 0 0 0 0 1 0 1 0 0 0 0 1 0 1 0 0 0 0 0 1000000 10 13
1 0 0 0 2 0 2 0 0 0 0 3 0 3 0 0 0 0 0 0 0 0 0 0 0 1 0 1 0 0 0 0 3 0 3 0 0 0 0 0 0 0 0 0 0 0 0 0 0 0 0 0 0 1 0 1 0 0 0 0 0 0 0 0 0 0 0 0 0 0 0 0 0 0 0 0 0 0 0 0 0 0 0 0 0 0 0 0 1 0 1 0 0 0 0 1 0 1 0 0 0 0 0 10000000 10 18
1 0 0 0 2 0 2 0 0 0 0 3 0 3 0 0 0 0 0 0 0 0 0 0 0 1 0 1 0 0 0 0 3 0 3 0 0 0 0 0 0 0 0 0 0 0 0 0 0 0 0 0 0 1 0 1 0 0 0 0 0 0 0 0 0 0 0 0 0 0 0 0 0 0 0 0 0 0 0 0 0 0 0 0 0 0 0 0 1 0 1 0 0 0 0 1 0 1 0 0 0 0 0 20000000 10 37
1 0 0 0 2 0 2 0 0 0 0 3 0 3 0 0 0 0 0 0 0 0 0 0 0 1 0 1 0 0 0 0 3 0 3 0 0 0 0 0 0 0 0 0 0 0 0 0 0 0 0 0 0 1 0 1 0 0 0 0 0 0 0 0 0 0 0 0 0 0 0 0 0 0 0 0 0 0 0 0 0 0 0 0 0 0 0 0 1 0 1 0 0 0 0 1 0 1 0 0 0 0 0 1 100 11
1 0 0 0 2 0 2 0 0 0 0 3 0 3 0 0 0 0 0 0 0 0 0 0 0 1 0 1 0 0 0 0 3 0 3 0 0 0 0 0 0 0 0 0 0 0 0 0 0 0 0 0 0 1 0 1 0 0 0 0 0 0 0 0 0 0 0 0 0 0 0 0 0 0 0 0 0 0 0 0 0 0 0 0 0 0 0 0 1 0 1 0 0 0 0 1 0 1 0 0 0 0 0 100 100 13
1 0 0 0 2 0 2 0 0 0 0 3 0 3 0 0 0 0 0 0 0 0 0 0 0 1 0 1 0 0 0 0 3 0 3 0 0 0 0 0 0 0 0 0 0 0 0 0 0 0 0 0 0 1 0 1 0 0 0 0 0 0 0 0 0 0 0 0 0 0 0 0 0 0 0 0 0 0 0 0 0 0 0 0 0 0 0 0 1 0 1 0 0 0 0 1 0 1 0 0 0 0 0 1000 100 12
1 0 0 0 2 0 2 0 0 0 0 3 0 3 0 0 0 0 0 0 0 0 0 0 0 1 0 1 0 0 0 0 3 0 3 0 0 0 0 0 0 0 0 0 0 0 0 0 0 0 0 0 0 1 0 1 0 0 0 0 0 0 0 0 0 0 0 0 0 0 0 0 0 0 0 0 0 0 0 0 0 0 0 0 0 0 0 0 1 0 1 0 0 0 0 1 0 1 0 0 0 0 0 10000 100 13
1 0 0 0 2 0 2 0 0 0 0 3 0 3 0 0 0 0 0 0 0 0 0 0 0 1 0 1 0 0 0 0 3 0 3 0 0 0 0 0 0 0 0 0 0 0 0 0 0 0 0 0 0 1 0 1 0 0 0 0 0 0 0 0 0 0 0 0 0 0 0 0 0 0 0 0 0 0 0 0 0 0 0 0 0 0 0 0 1 0 1 0 0 0 0 1 0 1 0 0 0 0 0 100000 100 30
1 0 0 0 2 0 2 0 0 0 0 3 0 3 0 0 0 0 0 0 0 0 0 0 0 1 0 1 0 0 0 0 3 0 3 0 0 0 0 0 0 0 0 0 0 0 0 0 0 0 0 0 0 1 0 1 0 0 0 0 0 0 0 0 0 0 0 0 0 0 0 0 0 0 0 0 0 0 0 0 0 0 0 0 0 0 0 0 1 0 1 0 0 0 0 1 0 1 0 0 0 0 0 1000000 100 12
1 0 0 0 2 0 2 0 0 0 0 3 0 3 0 0 0 0 0 0 0 0 0 0 0 1 0 1 0 0 0 0 3 0 3 0 0 0 0 0 0 0 0 0 0 0 0 0 0 0 0 0 0 1 0 1 0 0 0 0 0 0 0 0 0 0 0 0 0 0 0 0 0 0 0 0 0 0 0 0 0 0 0 0 0 0 0 0 1 0 1 0 0 0 0 1 0 1 0 0 0 0 0 10000000 100 13
1 0 0 0 2 0 2 0 0 0 0 3 0 3 0 0 0 0 0 0 0 0 0 0 0 1 0 1 0 0 0 0 3 0 3 0 0 0 0 0 0 0 0 0 0 0 0 0 0 0 0 0 0 1 0 1 0 0 0 0 0 0 0 0 0 0 0 0 0 0 0 0 0 0 0 0 0 0 0 0 0 0 0 0 0 0 0 0 1 0 1 0 0 0 0 1 0 1 0 0 0 0 0 20000000 100 14
1 0 0 0 2 0 2 0 0 0 0 3 0 3 0 0 0 0 0 0 0 0 0 0 0 1 0 1 0 0 0 0 3 0 3 0 0 0 0 0 0 0 0 0 0 0 0 0 0 0 0 0 0 1 0 1 0 0 0 0 0 0 0 0 0 0 0 0 0 0 0 0 0 0 0 0 0 0 0 0 0 0 0 0 0 0 0 0 1 0 1 0 0 0 0 1 0 1 0 0 0 0 0 1 1000 13
1 0 0 0 2 0 2 0 0 0 0 3 0 3 0 0 0 0 0 0 0 0 0 0 0 1 0 1 0 0 0 0 3 0 3 0 0 0 0 0 0 0 0 0 0 0 0 0 0 0 0 0 0 1 0 1 0 0 0 0 0 0 0 0 0 0 0 0 0 0 0 0 0 0 0 0 0 0 0 0 0 0 0 0 0 0 0 0 1 0 1 0 0 0 0 1 0 1 0 0 0 0 0 100 1000 12
1 0 0 0 2 0 2 0 0 0 0 3 0 3 0 0 0 0 0 0 0 0 0 0 0 1 0 1 0 0 0 0 3 0 3 0 0 0 0 0 0 0 0 0 0 0 0 0 0 0 0 0 0 1 0 1 0 0 0 0 0 0 0 0 0 0 0 0 0 0 0 0 0 0 0 0 0 0 0 0 0 0 0 0 0 0 0 0 1 0 1 0 0 0 0 1 0 1 0 0 0 0 0 1000 1000 11
1 0 0 0 2 0 2 0 0 0 0 3 0 3 0 0 0 0 0 0 0 0 0 0 0 1 0 1 0 0 0 0 3 0 3 0 0 0 0 0 0 0 0 0 0 0 0 0 0 0 0 0 0 1 0 1 0 0 0 0 0 0 0 0 0 0 0 0 0 0 0 0 0 0 0 0 0 0 0 0 0 0 0 0 0 0 0 0 1 0 1 0 0 0 0 1 0 1 0 0 0 0 0 10000 1000 11
1 0 0 0 2 0 2 0 0 0 0 3 0 3 0 0 0 0 0 0 0 0 0 0 0 1 0 1 0 0 0 0 3 0 3 0 0 0 0 0 0 0 0 0 0 0 0 0 0 0 0 0 0 1 0 1 0 0 0 0 0 0 0 0 0 0 0 0 0 0 0 0 0 0 0 0 0 0 0 0 0 0 0 0 0 0 0 0 1 0 1 0 0 0 0 1 0 1 0 0 0 0 0 100000 1000 10
1 0 0 0 2 0 2 0 0 0 0 3 0 3 0 0 0 0 0 0 0 0 0 0 0 1 0 1 0 0 0 0 3 0 3 0 0 0 0 0 0 0 0 0 0 0 0 0 0 0 0 0 0 1 0 1 0 0 0 0 0 0 0 0 0 0 0 0 0 0 0 0 0 0 0 0 0 0 0 0 0 0 0 0 0 0 0 0 1 0 1 0 0 0 0 1 0 1 0 0 0 0 0 1000000 1000 10
1 0 0 0 2 0 2 0 0 0 0 3 0 3 0 0 0 0 0 0 0 0 0 0 0 1 0 1 0 0 0 0 3 0 3 0 0 0 0 0 0 0 0 0 0 0 0 0 0 0 0 0 0 1 0 1 0 0 0 0 0 0 0 0 0 0 0 0 0 0 0 0 0 0 0 0 0 0 0 0 0 0 0 0 0 0 0 0 1 0 1 0 0 0 0 1 0 1 0 0 0 0 0 10000000 1000 12
1 0 0 0 2 0 2 0 0 0 0 3 0 3 0 0 0 0 0 0 0 0 0 0 0 1 0 1 0 0 0 0 3 0 3 0 0 0 0 0 0 0 0 0 0 0 0 0 0 0 0 0 0 1 0 1 0 0 0 0 0 0 0 0 0 0 0 0 0 0 0 0 0 0 0 0 0 0 0 0 0 0 0 0 0 0 0 0 1 0 1 0 0 0 0 1 0 1 0 0 0 0 0 20000000 1000 23213
1 0 0 0 4 0 4 0 0 0 0 2 0 2 0 0 0 0 1 0 1 0 0 0 0 0 0 0 0 0 0 0 1 0 1 0 0 0 0 1 0 1 0 0 0 0 1 0 1 0 0 0 0 0 0 0 0 0 0 0 0 0 0 0 0 0 0 0 0 0 0 0 0 0 0 0 0 0 0 0 0 0 0 0 0 0 0 0 1 0 1 0 0 0 0 1 0 1 0 0 0 0 0 1 1 10965
1 0 0 0 4 0 4 0 0 0 0 2 0 2 0 0 0 0 1 0 1 0 0 0 0 0 0 0 0 0 0 0 1 0 1 0 0 0 0 1 0 1 0 0 0 0 1 0 1 0 0 0 0 0 0 0 0 0 0 0 0 0 0 0 0 0 0 0 0 0 0 0 0 0 0 0 0 0 0 0 0 0 0 0 0 0 0 0 1 0 1 0 0 0 0 1 0 1 0 0 0 0 0 100 1 22
1 0 0 0 4 0 4 0 0 0 0 2 0 2 0 0 0 0 1 0 1 0 0 0 0 0 0 0 0 0 0 0 1 0 1 0 0 0 0 1 0 1 0 0 0 0 1 0 1 0 0 0 0 0 0 0 0 0 0 0 0 0 0 0 0 0 0 0 0 0 0 0 0 0 0 0 0 0 0 0 0 0 0 0 0 0 0 0 1 0 1 0 0 0 0 1 0 1 0 0 0 0 0 1000 1 193
1 0 0 0 4 0 4 0 0 0 0 2 0 2 0 0 0 0 1 0 1 0 0 0 0 0 0 0 0 0 0 0 1 0 1 0 0 0 0 1 0 1 0 0 0 0 1 0 1 0 0 0 0 0 0 0 0 0 0 0 0 0 0 0 0 0 0 0 0 0 0 0 0 0 0 0 0 0 0 0 0 0 0 0 0 0 0 0 1 0 1 0 0 0 0 1 0 1 0 0 0 0 0 10000 1 10
1 0 0 0 4 0 4 0 0 0 0 2 0 2 0 0 0 0 1 0 1 0 0 0 0 0 0 0 0 0 0 0 1 0 1 0 0 0 0 1 0 1 0 0 0 0 1 0 1 0 0 0 0 0 0 0 0 0 0 0 0 0 0 0 0 0 0 0 0 0 0 0 0 0 0 0 0 0 0 0 0 0 0 0 0 0 0 0 1 0 1 0 0 0 0 1 0 1 0 0 0 0 0 100000 1 9
1 0 0 0 4 0 4 0 0 0 0 2 0 2 0 0 0 0 1 0 1 0 0 0 0 0 0 0 0 0 0 0 1 0 1 0 0 0 0 1 0 1 0 0 0 0 1 0 1 0 0 0 0 0 0 0 0 0 0 0 0 0 0 0 0 0 0 0 0 0 0 0 0 0 0 0 0 0 0 0 0 0 0 0 0 0 0 0 1 0 1 0 0 0 0 1 0 1 0 0 0 0 0 1000000 1 208
1 0 0 0 4 0 4 0 0 0 0 2 0 2 0 0 0 0 1 0 1 0 0 0 0 0 0 0 0 0 0 0 1 0 1 0 0 0 0 1 0 1 0 0 0 0 1 0 1 0 0 0 0 0 0 0 0 0 0 0 0 0 0 0 0 0 0 0 0 0 0 0 0 0 0 0 0 0 0 0 0 0 0 0 0 0 0 0 1 0 1 0 0 0 0 1 0 1 0 0 0 0 0 10000000 1 22
1 0 0 0 4 0 4 0 0 0 0 2 0 2 0 0 0 0 1 0 1 0 0 0 0 0 0 0 0 0 0 0 1 0 1 0 0 0 0 1 0 1 0 0 0 0 1 0 1 0 0 0 0 0 0 0 0 0 0 0 0 0 0 0 0 0 0 0 0 0 0 0 0 0 0 0 0 0 0 0 0 0 0 0 0 0 0 0 1 0 1 0 0 0 0 1 0 1 0 0 0 0 0 20000000 1 1312
1 0 0 0 4 0 4 0 0 0 0 2 0 2 0 0 0 0 1 0 1 0 0 0 0 0 0 0 0 0 0 0 1 0 1 0 0 0 0 1 0 1 0 0 0 0 1 0 1 0 0 0 0 0 0 0 0 0 0 0 0 0 0 0 0 0 0 0 0 0 0 0 0 0 0 0 0 0 0 0 0 0 0 0 0 0 0 0 1 0 1 0 0 0 0 1 0 1 0 0 0 0 0 1 10 410
1 0 0 0 4 0 4 0 0 0 0 2 0 2 0 0 0 0 1 0 1 0 0 0 0 0 0 0 0 0 0 0 1 0 1 0 0 0 0 1 0 1 0 0 0 0 1 0 1 0 0 0 0 0 0 0 0 0 0 0 0 0 0 0 0 0 0 0 0 0 0 0 0 0 0 0 0 0 0 0 0 0 0 0 0 0 0 0 1 0 1 0 0 0 0 1 0 1 0 0 0 0 0 100 10 463
1 0 0 0 4 0 4 0 0 0 0 2 0 2 0 0 0 0 1 0 1 0 0 0 0 0 0 0 0 0 0 0 1 0 1 0 0 0 0 1 0 1 0 0 0 0 1 0 1 0 0 0 0 0 0 0 0 0 0 0 0 0 0 0 0 0 0 0 0 0 0 0 0 0 0 0 0 0 0 0 0 0 0 0 0 0 0 0 1 0 1 0 0 0 0 1 0 1 0 0 0 0 0 1000 10 348
1 0 0 0 4 0 4 0 0 0 0 2 0 2 0 0 0 0 1 0 1 0 0 0 0 0 0 0 0 0 0 0 1 0 1 0 0 0 0 1 0 1 0 0 0 0 1 0 1 0 0 0 0 0 0 0 0 0 0 0 0 0 0 0 0 0 0 0 0 0 0 0 0 0 0 0 0 0 0 0 0 0 0 0 0 0 0 0 1 0 1 0 0 0 0 1 0 1 0 0 0 0 0 10000 10 1024
1 0 0 0 4 0 4 0 0 0 0 2 0 2 0 0 0 0 1 0 1 0 0 0 0 0 0 0 0 0 0 0 1 0 1 0 0 0 0 1 0 1 0 0 0 0 1 0 1 0 0 0 0 0 0 0 0 0 0 0 0 0 0 0 0 0 0 0 0 0 0 0 0 0 0 0 0 0 0 0 0 0 0 0 0 0 0 0 1 0 1 0 0 0 0 1 0 1 0 0 0 0 0 100000 10 10
1 0 0 0 4 0 4 0 0 0 0 2 0 2 0 0 0 0 1 0 1 0 0 0 0 0 0 0 0 0 0 0 1 0 1 0 0 0 0 1 0 1 0 0 0 0 1 0 1 0 0 0 0 0 0 0 0 0 0 0 0 0 0 0 0 0 0 0 0 0 0 0 0 0 0 0 0 0 0 0 0 0 0 0 0 0 0 0 1 0 1 0 0 0 0 1 0 1 0 0 0 0 0 1000000 10 10
1 0 0 0 4 0 4 0 0 0 0 2 0 2 0 0 0 0 1 0 1 0 0 0 0 0 0 0 0 0 0 0 1 0 1 0 0 0 0 1 0 1 0 0 0 0 1 0 1 0 0 0 0 0 0 0 0 0 0 0 0 0 0 0 0 0 0 0 0 0 0 0 0 0 0 0 0 0 0 0 0 0 0 0 0 0 0 0 1 0 1 0 0 0 0 1 0 1 0 0 0 0 0 10000000 10 10
1 0 0 0 4 0 4 0 0 0 0 2 0 2 0 0 0 0 1 0 1 0 0 0 0 0 0 0 0 0 0 0 1 0 1 0 0 0 0 1 0 1 0 0 0 0 1 0 1 0 0 0 0 0 0 0 0 0 0 0 0 0 0 0 0 0 0 0 0 0 0 0 0 0 0 0 0 0 0 0 0 0 0 0 0 0 0 0 1 0 1 0 0 0 0 1 0 1 0 0 0 0 0 20000000 10 297
1 0 0 0 4 0 4 0 0 0 0 2 0 2 0 0 0 0 1 0 1 0 0 0 0 0 0 0 0 0 0 0 1 0 1 0 0 0 0 1 0 1 0 0 0 0 1 0 1 0 0 0 0 0 0 0 0 0 0 0 0 0 0 0 0 0 0 0 0 0 0 0 0 0 0 0 0 0 0 0 0 0 0 0 0 0 0 0 1 0 1 0 0 0 0 1 0 1 0 0 0 0 0 1 100 196
1 0 0 0 4 0 4 0 0 0 0 2 0 2 0 0 0 0 1 0 1 0 0 0 0 0 0 0 0 0 0 0 1 0 1 0 0 0 0 1 0 1 0 0 0 0 1 0 1 0 0 0 0 0 0 0 0 0 0 0 0 0 0 0 0 0 0 0 0 0 0 0 0 0 0 0 0 0 0 0 0 0 0 0 0 0 0 0 1 0 1 0 0 0 0 1 0 1 0 0 0 0 0 100 100 939
1 0 0 0 4 0 4 0 0 0 0 2 0 2 0 0 0 0 1 0 1 0 0 0 0 0 0 0 0 0 0 0 1 0 1 0 0 0 0 1 0 1 0 0 0 0 1 0 1 0 0 0 0 0 0 0 0 0 0 0 0 0 0 0 0 0 0 0 0 0 0 0 0 0 0 0 0 0 0 0 0 0 0 0 0 0 0 0 1 0 1 0 0 0 0 1 0 1 0 0 0 0 0 1000 100 733
1 0 0 0 4 0 4 0 0 0 0 2 0 2 0 0 0 0 1 0 1 0 0 0 0 0 0 0 0 0 0 0 1 0 1 0 0 0 0 1 0 1 0 0 0 0 1 0 1 0 0 0 0 0 0 0 0 0 0 0 0 0 0 0 0 0 0 0 0 0 0 0 0 0 0 0 0 0 0 0 0 0 0 0 0 0 0 0 1 0 1 0 0 0 0 1 0 1 0 0 0 0 0 10000 100 758
1 0 0 0 4 0 4 0 0 0 0 2 0 2 0 0 0 0 1 0 1 0 0 0 0 0 0 0 0 0 0 0 1 0 1 0 0 0 0 1 0 1 0 0 0 0 1 0 1 0 0 0 0 0 0 0 0 0 0 0 0 0 0 0 0 0 0 0 0 0 0 0 0 0 0 0 0 0 0 0 0 0 0 0 0 0 0 0 1 0 1 0 0 0 0 1 0 1 0 0 0 0 0 100000 100 320
1 0 0 0 4 0 4 0 0 0 0 2 0 2 0 0 0 0 1 0 1 0 0 0 0 0 0 0 0 0 0 0 1 0 1 0 0 0 0 1 0 1 0 0 0 0 1 0 1 0 0 0 0 0 0 0 0 0 0 0 0 0 0 0 0 0 0 0 0 0 0 0 0 0 0 0 0 0 0 0 0 0 0 0 0 0 0 0 1 0 1 0 0 0 0 1 0 1 0 0 0 0 0 1000000 100 2632
1 0 0 0 4 0 4 0 0 0 0 2 0 2 0 0 0 0 1 0 1 0 0 0 0 0 0 0 0 0 0 0 1 0 1 0 0 0 0 1 0 1 0 0 0 0 1 0 1 0 0 0 0 0 0 0 0 0 0 0 0 0 0 0 0 0 0 0 0 0 0 0 0 0 0 0 0 0 0 0 0 0 0 0 0 0 0 0 1 0 1 0 0 0 0 1 0 1 0 0 0 0 0 10000000 100 2497
1 0 0 0 4 0 4 0 0 0 0 2 0 2 0 0 0 0 1 0 1 0 0 0 0 0 0 0 0 0 0 0 1 0 1 0 0 0 0 1 0 1 0 0 0 0 1 0 1 0 0 0 0 0 0 0 0 0 0 0 0 0 0 0 0 0 0 0 0 0 0 0 0 0 0 0 0 0 0 0 0 0 0 0 0 0 0 0 1 0 1 0 0 0 0 1 0 1 0 0 0 0 0 20000000 100 64
1 0 0 0 4 0 4 0 0 0 0 2 0 2 0 0 0 0 1 0 1 0 0 0 0 0 0 0 0 0 0 0 1 0 1 0 0 0 0 1 0 1 0 0 0 0 1 0 1 0 0 0 0 0 0 0 0 0 0 0 0 0 0 0 0 0 0 0 0 0 0 0 0 0 0 0 0 0 0 0 0 0 0 0 0 0 0 0 1 0 1 0 0 0 0 1 0 1 0 0 0 0 0 1 1000 377
1 0 0 0 4 0 4 0 0 0 0 2 0 2 0 0 0 0 1 0 1 0 0 0 0 0 0 0 0 0 0 0 1 0 1 0 0 0 0 1 0 1 0 0 0 0 1 0 1 0 0 0 0 0 0 0 0 0 0 0 0 0 0 0 0 0 0 0 0 0 0 0 0 0 0 0 0 0 0 0 0 0 0 0 0 0 0 0 1 0 1 0 0 0 0 1 0 1 0 0 0 0 0 100 1000 775
1 0 0 0 4 0 4 0 0 0 0 2 0 2 0 0 0 0 1 0 1 0 0 0 0 0 0 0 0 0 0 0 1 0 1 0 0 0 0 1 0 1 0 0 0 0 1 0 1 0 0 0 0 0 0 0 0 0 0 0 0 0 0 0 0 0 0 0 0 0 0 0 0 0 0 0 0 0 0 0 0 0 0 0 0 0 0 0 1 0 1 0 0 0 0 1 0 1 0 0 0 0 0 1000 1000 363
1 0 0 0 4 0 4 0 0 0 0 2 0 2 0 0 0 0 1 0 1 0 0 0 0 0 0 0 0 0 0 0 1 0 1 0 0 0 0 1 0 1 0 0 0 0 1 0 1 0 0 0 0 0 0 0 0 0 0 0 0 0 0 0 0 0 0 0 0 0 0 0 0 0 0 0 0 0 0 0 0 0 0 0 0 0 0 0 1 0 1 0 0 0 0 1 0 1 0 0 0 0 0 10000 1000 728
1 0 0 0 4 0 4 0 0 0 0 2 0 2 0 0 0 0 1 0 1 0 0 0 0 0 0 0 0 0 0 0 1 0 1 0 0 0 0 1 0 1 0 0 0 0 1 0 1 0 0 0 0 0 0 0 0 0 0 0 0 0 0 0 0 0 0 0 0 0 0 0 0 0 0 0 0 0 0 0 0 0 0 0 0 0 0 0 1 0 1 0 0 0 0 1 0 1 0 0 0 0 0 100000 1000 1245
1 0 0 0 4 0 4 0 0 0 0 2 0 2 0 0 0 0 1 0 1 0 0 0 0 0 0 0 0 0 0 0 1 0 1 0 0 0 0 1 0 1 0 0 0 0 1 0 1 0 0 0 0 0 0 0 0 0 0 0 0 0 0 0 0 0 0 0 0 0 0 0 0 0 0 0 0 0 0 0 0 0 0 0 0 0 0 0 1 0 1 0 0 0 0 1 0 1 0 0 0 0 0 1000000 1000 168
1 0 0 0 4 0 4 0 0 0 0 2 0 2 0 0 0 0 1 0 1 0 0 0 0 0 0 0 0 0 0 0 1 0 1 0 0 0 0 1 0 1 0 0 0 0 1 0 1 0 0 0 0 0 0 0 0 0 0 0 0 0 0 0 0 0 0 0 0 0 0 0 0 0 0 0 0 0 0 0 0 0 0 0 0 0 0 0 1 0 1 0 0 0 0 1 0 1 0 0 0 0 0 10000000 1000 2537
1 0 0 0 1 0 1 0 0 0 0 2 0 2 0 0 0 0 3 0 3 0 0 0 0 5 0 5 0 0 0 0 4 0 4 0 0 0 0 1 0 1 0 0 0 0 1 0 1 0 0 0 0 3 0 3 0 0 0 0 0 0 0 0 0 0 0 0 0 0 0 0 0 0 0 0 0 0 0 0 0 0 0 0 0 0 0 0 1 0 1 0 0 0 0 1 0 1 0 0 0 0 0 1 1 4347
1 0 0 0 1 0 1 0 0 0 0 2 0 2 0 0 0 0 3 0 3 0 0 0 0 5 0 5 0 0 0 0 4 0 4 0 0 0 0 1 0 1 0 0 0 0 1 0 1 0 0 0 0 3 0 3 0 0 0 0 0 0 0 0 0 0 0 0 0 0 0 0 0 0 0 0 0 0 0 0 0 0 0 0 0 0 0 0 1 0 1 0 0 0 0 1 0 1 0 0 0 0 0 1000 1 50
1 0 0 0 1 0 1 0 0 0 0 2 0 2 0 0 0 0 3 0 3 0 0 0 0 5 0 5 0 0 0 0 4 0 4 0 0 0 0 1 0 1 0 0 0 0 1 0 1 0 0 0 0 3 0 3 0 0 0 0 0 0 0 0 0 0 0 0 0 0 0 0 0 0 0 0 0 0 0 0 0 0 0 0 0 0 0 0 1 0 1 0 0 0 0 1 0 1 0 0 0 0 0 100000 1 31
1 0 0 0 1 0 1 0 0 0 0 2 0 2 0 0 0 0 3 0 3 0 0 0 0 5 0 5 0 0 0 0 4 0 4 0 0 0 0 1 0 1 0 0 0 0 1 0 1 0 0 0 0 3 0 3 0 0 0 0 0 0 0 0 0 0 0 0 0 0 0 0 0 0 0 0 0 0 0 0 0 0 0 0 0 0 0 0 1 0 1 0 0 0 0 1 0 1 0 0 0 0 0 1000000 1 33
1 0 0 0 1 0 1 0 0 0 0 2 0 2 0 0 0 0 3 0 3 0 0 0 0 5 0 5 0 0 0 0 4 0 4 0 0 0 0 1 0 1 0 0 0 0 1 0 1 0 0 0 0 3 0 3 0 0 0 0 0 0 0 0 0 0 0 0 0 0 0 0 0 0 0 0 0 0 0 0 0 0 0 0 0 0 0 0 1 0 1 0 0 0 0 1 0 1 0 0 0 0 0 10000000 1 58
1 0 0 0 1 0 1 0 0 0 0 2 0 2 0 0 0 0 3 0 3 0 0 0 0 5 0 5 0 0 0 0 4 0 4 0 0 0 0 1 0 1 0 0 0 0 1 0 1 0 0 0 0 3 0 3 0 0 0 0 0 0 0 0 0 0 0 0 0 0 0 0 0 0 0 0 0 0 0 0 0 0 0 0 0 0 0 0 1 0 1 0 0 0 0 1 0 1 0 0 0 0 0 1 10 28
1 0 0 0 1 0 1 0 0 0 0 2 0 2 0 0 0 0 3 0 3 0 0 0 0 5 0 5 0 0 0 0 4 0 4 0 0 0 0 1 0 1 0 0 0 0 1 0 1 0 0 0 0 3 0 3 0 0 0 0 0 0 0 0 0 0 0 0 0 0 0 0 0 0 0 0 0 0 0 0 0 0 0 0 0 0 0 0 1 0 1 0 0 0 0 1 0 1 0 0 0 0 0 1000 10 31
1 0 0 0 3 0 3 0 0 0 0 2 0 2 0 0 0 0 4 0 4 0 0 0 0 1 0 1 0 0 0 0 1 0 1 0 0 0 0 4 0 4 0 0 0 0 3 0 3 0 0 0 0 2 0 2 0 0 0 0 0 0 0 0 0 0 0 0 0 0 0 0 0 0 0 0 0 0 0 0 0 0 0 0 0 0 0 0 1 0 1 0 0 0 0 1 0 1 0 0 0 0 0 1 1 960
1 0 0 0 3 0 3 0 0 0 0 2 0 2 0 0 0 0 4 0 4 0 0 0 0 1 0 1 0 0 0 0 1 0 1 0 0 0 0 4 0 4 0 0 0 0 3 0 3 0 0 0 0 2 0 2 0 0 0 0 0 0 0 0 0 0 0 0 0 0 0 0 0 0 0 0 0 0 0 0 0 0 0 0 0 0 0 0 1 0 1 0 0 0 0 1 0 1 0 0 0 0 0 1000 1 51
1 0 0 0 3 0 3 0 0 0 0 2 0 2 0 0 0 0 4 0 4 0 0 0 0 1 0 1 0 0 0 0 1 0 1 0 0 0 0 4 0 4 0 0 0 0 3 0 3 0 0 0 0 2 0 2 0 0 0 0 0 0 0 0 0 0 0 0 0 0 0 0 0 0 0 0 0 0 0 0 0 0 0 0 0 0 0 0 1 0 1 0 0 0 0 1 0 1 0 0 0 0 0 100000 1 47
1 0 0 0 3 0 3 0 0 0 0 2 0 2 0 0 0 0 4 0 4 0 0 0 0 1 0 1 0 0 0 0 1 0 1 0 0 0 0 4 0 4 0 0 0 0 3 0 3 0 0 0 0 2 0 2 0 0 0 0 0 0 0 0 0 0 0 0 0 0 0 0 0 0 0 0 0 0 0 0 0 0 0 0 0 0 0 0 1 0 1 0 0 0 0 1 0 1 0 0 0 0 0 1000000 1 39
1 0 0 0 3 0 3 0 0 0 0 2 0 2 0 0 0 0 4 0 4 0 0 0 0 1 0 1 0 0 0 0 1 0 1 0 0 0 0 4 0 4 0 0 0 0 3 0 3 0 0 0 0 2 0 2 0 0 0 0 0 0 0 0 0 0 0 0 0 0 0 0 0 0 0 0 0 0 0 0 0 0 0 0 0 0 0 0 1 0 1 0 0 0 0 1 0 1 0 0 0 0 0 10000000 1 23
1 0 0 0 3 0 3 0 0 0 0 2 0 2 0 0 0 0 4 0 4 0 0 0 0 1 0 1 0 0 0 0 1 0 1 0 0 0 0 4 0 4 0 0 0 0 3 0 3 0 0 0 0 2 0 2 0 0 0 0 0 0 0 0 0 0 0 0 0 0 0 0 0 0 0 0 0 0 0 0 0 0 0 0 0 0 0 0 1 0 1 0 0 0 0 1 0 1 0 0 0 0 0 1 10 22
1 0 0 0 3 0 3 0 0 0 0 2 0 2 0 0 0 0 4 0 4 0 0 0 0 1 0 1 0 0 0 0 1 0 1 0 0 0 0 4 0 4 0 0 0 0 3 0 3 0 0 0 0 2 0 2 0 0 0 0 0 0 0 0 0 0 0 0 0 0 0 0 0 0 0 0 0 0 0 0 0 0 0 0 0 0 0 0 1 0 1 0 0 0 0 1 0 1 0 0 0 0 0 1000 10 26
1 0 0 0 3 0 3 0 0 0 0 2 0 2 0 0 0 0 4 0 4 0 0 0 0 1 0 1 0 0 0 0 1 0 1 0 0 0 0 4 0 4 0 0 0 0 3 0 3 0 0 0 0 2 0 2 0 0 0 0 0 0 0 0 0 0 0 0 0 0 0 0 0 0 0 0 0 0 0 0 0 0 0 0 0 0 0 0 1 0 1 0 0 0 0 1 0 1 0 0 0 0 0 100000 10 25
1 0 0 0 3 0 3 0 0 0 0 2 0 2 0 0 0 0 4 0 4 0 0 0 0 1 0 1 0 0 0 0 1 0 1 0 0 0 0 4 0 4 0 0 0 0 3 0 3 0 0 0 0 2 0 2 0 0 0 0 0 0 0 0 0 0 0 0 0 0 0 0 0 0 0 0 0 0 0 0 0 0 0 0 0 0 0 0 1 0 1 0 0 0 0 1 0 1 0 0 0 0 0 1000000 10 19
1 0 0 0 3 0 3 0 0 0 0 2 0 2 0 0 0 0 4 0 4 0 0 0 0 1 0 1 0 0 0 0 1 0 1 0 0 0 0 4 0 4 0 0 0 0 3 0 3 0 0 0 0 2 0 2 0 0 0 0 0 0 0 0 0 0 0 0 0 0 0 0 0 0 0 0 0 0 0 0 0 0 0 0 0 0 0 0 1 0 1 0 0 0 0 1 0 1 0 0 0 0 0 10000000 10 23
1 0 0 0 3 0 3 0 0 0 0 2 0 2 0 0 0 0 4 0 4 0 0 0 0 1 0 1 0 0 0 0 1 0 1 0 0 0 0 4 0 4 0 0 0 0 3 0 3 0 0 0 0 2 0 2 0 0 0 0 0 0 0 0 0 0 0 0 0 0 0 0 0 0 0 0 0 0 0 0 0 0 0 0 0 0 0 0 1 0 1 0 0 0 0 1 0 1 0 0 0 0 0 1 100 17
1 0 0 0 3 0 3 0 0 0 0 2 0 2 0 0 0 0 4 0 4 0 0 0 0 1 0 1 0 0 0 0 1 0 1 0 0 0 0 4 0 4 0 0 0 0 3 0 3 0 0 0 0 2 0 2 0 0 0 0 0 0 0 0 0 0 0 0 0 0 0 0 0 0 0 0 0 0 0 0 0 0 0 0 0 0 0 0 1 0 1 0 0 0 0 1 0 1 0 0 0 0 0 1000 100 30
1 0 0 0 3 0 3 0 0 0 0 2 0 2 0 0 0 0 4 0 4 0 0 0 0 1 0 1 0 0 0 0 1 0 1 0 0 0 0 4 0 4 0 0 0 0 3 0 3 0 0 0 0 2 0 2 0 0 0 0 0 0 0 0 0 0 0 0 0 0 0 0 0 0 0 0 0 0 0 0 0 0 0 0 0 0 0 0 1 0 1 0 0 0 0 1 0 1 0 0 0 0 0 100000 100 17
1 0 0 0 3 0 3 0 0 0 0 2 0 2 0 0 0 0 4 0 4 0 0 0 0 1 0 1 0 0 0 0 1 0 1 0 0 0 0 4 0 4 0 0 0 0 3 0 3 0 0 0 0 2 0 2 0 0 0 0 0 0 0 0 0 0 0 0 0 0 0 0 0 0 0 0 0 0 0 0 0 0 0 0 0 0 0 0 1 0 1 0 0 0 0 1 0 1 0 0 0 0 0 1000000 100 16
1 0 0 0 3 0 3 0 0 0 0 2 0 2 0 0 0 0 4 0 4 0 0 0 0 1 0 1 0 0 0 0 1 0 1 0 0 0 0 4 0 4 0 0 0 0 3 0 3 0 0 0 0 2 0 2 0 0 0 0 0 0 0 0 0 0 0 0 0 0 0 0 0 0 0 0 0 0 0 0 0 0 0 0 0 0 0 0 1 0 1 0 0 0 0 1 0 1 0 0 0 0 0 10000000 100 17
1 0 0 0 3 0 3 0 0 0 0 2 0 2 0 0 0 0 4 0 4 0 0 0 0 1 0 1 0 0 0 0 1 0 1 0 0 0 0 4 0 4 0 0 0 0 3 0 3 0 0 0 0 2 0 2 0 0 0 0 0 0 0 0 0 0 0 0 0 0 0 0 0 0 0 0 0 0 0 0 0 0 0 0 0 0 0 0 1 0 1 0 0 0 0 1 0 1 0 0 0 0 0 1 1000 22
1 0 0 0 3 0 3 0 0 0 0 2 0 2 0 0 0 0 4 0 4 0 0 0 0 1 0 1 0 0 0 0 1 0 1 0 0 0 0 4 0 4 0 0 0 0 3 0 3 0 0 0 0 2 0 2 0 0 0 0 0 0 0 0 0 0 0 0 0 0 0 0 0 0 0 0 0 0 0 0 0 0 0 0 0 0 0 0 1 0 1 0 0 0 0 1 0 1 0 0 0 0 0 1000 1000 16
1 0 0 0 3 0 3 0 0 0 0 2 0 2 0 0 0 0 4 0 4 0 0 0 0 1 0 1 0 0 0 0 1 0 1 0 0 0 0 4 0 4 0 0 0 0 3 0 3 0 0 0 0 2 0 2 0 0 0 0 0 0 0 0 0 0 0 0 0 0 0 0 0 0 0 0 0 0 0 0 0 0 0 0 0 0 0 0 1 0 1 0 0 0 0 1 0 1 0 0 0 0 0 100000 1000 15
1 0 0 0 3 0 3 0 0 0 0 2 0 2 0 0 0 0 4 0 4 0 0 0 0 1 0 1 0 0 0 0 1 0 1 0 0 0 0 4 0 4 0 0 0 0 3 0 3 0 0 0 0 2 0 2 0 0 0 0 0 0 0 0 0 0 0 0 0 0 0 0 0 0 0 0 0 0 0 0 0 0 0 0 0 0 0 0 1 0 1 0 0 0 0 1 0 1 0 0 0 0 0 1000000 1000 13
1 0 0 0 3 0 3 0 0 0 0 2 0 2 0 0 0 0 4 0 4 0 0 0 0 1 0 1 0 0 0 0 1 0 1 0 0 0 0 4 0 4 0 0 0 0 3 0 3 0 0 0 0 2 0 2 0 0 0 0 0 0 0 0 0 0 0 0 0 0 0 0 0 0 0 0 0 0 0 0 0 0 0 0 0 0 0 0 1 0 1 0 0 0 0 1 0 1 0 0 0 0 0 10000000 1000 14
1 0 0 0 2 0 2 0 0 0 0 3 0 3 0 0 0 0 1 0 1 0 0 0 0 2 0 2 0 0 0 0 1 0 1 0 0 0 0 3 0 3 0 0 0 0 5 0 5 0 0 0 0 3 0 3 0 0 0 0 0 0 0 0 0 0 0 0 0 0 0 0 0 0 0 0 0 0 0 0 0 0 0 0 0 0 0 0 1 0 1 0 0 0 0 1 0 1 0 0 0 0 0 1 1 31
1 0 0 0 2 0 2 0 0 0 0 3 0 3 0 0 0 0 1 0 1 0 0 0 0 2 0 2 0 0 0 0 1 0 1 0 0 0 0 3 0 3 0 0 0 0 5 0 5 0 0 0 0 3 0 3 0 0 0 0 0 0 0 0 0 0 0 0 0 0 0 0 0 0 0 0 0 0 0 0 0 0 0 0 0 0 0 0 1 0 1 0 0 0 0 1 0 1 0 0 0 0 0 1000 1 13
1 0 0 0 2 0 2 0 0 0 0 3 0 3 0 0 0 0 1 0 1 0 0 0 0 2 0 2 0 0 0 0 1 0 1 0 0 0 0 3 0 3 0 0 0 0 5 0 5 0 0 0 0 3 0 3 0 0 0 0 0 0 0 0 0 0 0 0 0 0 0 0 0 0 0 0 0 0 0 0 0 0 0 0 0 0 0 0 1 0 1 0 0 0 0 1 0 1 0 0 0 0 0 100000 1 12
1 0 0 0 2 0 2 0 0 0 0 3 0 3 0 0 0 0 1 0 1 0 0 0 0 2 0 2 0 0 0 0 1 0 1 0 0 0 0 3 0 3 0 0 0 0 5 0 5 0 0 0 0 3 0 3 0 0 0 0 0 0 0 0 0 0 0 0 0 0 0 0 0 0 0 0 0 0 0 0 0 0 0 0 0 0 0 0 1 0 1 0 0 0 0 1 0 1 0 0 0 0 0 1000000 1 20
1 0 0 0 2 0 2 0 0 0 0 3 0 3 0 0 0 0 1 0 1 0 0 0 0 2 0 2 0 0 0 0 1 0 1 0 0 0 0 3 0 3 0 0 0 0 5 0 5 0 0 0 0 3 0 3 0 0 0 0 0 0 0 0 0 0 0 0 0 0 0 0 0 0 0 0 0 0 0 0 0 0 0 0 0 0 0 0 1 0 1 0 0 0 0 1 0 1 0 0 0 0 0 10000000 1 16
1 0 0 0 2 0 2 0 0 0 0 3 0 3 0 0 0 0 1 0 1 0 0 0 0 2 0 2 0 0 0 0 1 0 1 0 0 0 0 3 0 3 0 0 0 0 5 0 5 0 0 0 0 3 0 3 0 0 0 0 0 0 0 0 0 0 0 0 0 0 0 0 0 0 0 0 0 0 0 0 0 0 0 0 0 0 0 0 1 0 1 0 0 0 0 1 0 1 0 0 0 0 0 1 10 15
1 0 0 0 2 0 2 0 0 0 0 3 0 3 0 0 0 0 1 0 1 0 0 0 0 2 0 2 0 0 0 0 1 0 1 0 0 0 0 3 0 3 0 0 0 0 5 0 5 0 0 0 0 3 0 3 0 0 0 0 0 0 0 0 0 0 0 0 0 0 0 0 0 0 0 0 0 0 0 0 0 0 0 0 0 0 0 0 1 0 1 0 0 0 0 1 0 1 0 0 0 0 0 1000 10 15
1 0 0 0 2 0 2 0 0 0 0 3 0 3 0 0 0 0 1 0 1 0 0 0 0 2 0 2 0 0 0 0 1 0 1 0 0 0 0 3 0 3 0 0 0 0 5 0 5 0 0 0 0 3 0 3 0 0 0 0 0 0 0 0 0 0 0 0 0 0 0 0 0 0 0 0 0 0 0 0 0 0 0 0 0 0 0 0 1 0 1 0 0 0 0 1 0 1 0 0 0 0 0 100000 10 19
1 0 0 0 2 0 2 0 0 0 0 3 0 3 0 0 0 0 1 0 1 0 0 0 0 2 0 2 0 0 0 0 1 0 1 0 0 0 0 3 0 3 0 0 0 0 5 0 5 0 0 0 0 3 0 3 0 0 0 0 0 0 0 0 0 0 0 0 0 0 0 0 0 0 0 0 0 0 0 0 0 0 0 0 0 0 0 0 1 0 1 0 0 0 0 1 0 1 0 0 0 0 0 1000000 10 13
1 0 0 0 2 0 2 0 0 0 0 3 0 3 0 0 0 0 1 0 1 0 0 0 0 2 0 2 0 0 0 0 1 0 1 0 0 0 0 3 0 3 0 0 0 0 5 0 5 0 0 0 0 3 0 3 0 0 0 0 0 0 0 0 0 0 0 0 0 0 0 0 0 0 0 0 0 0 0 0 0 0 0 0 0 0 0 0 1 0 1 0 0 0 0 1 0 1 0 0 0 0 0 10000000 10 12
1 0 0 0 2 0 2 0 0 0 0 3 0 3 0 0 0 0 1 0 1 0 0 0 0 2 0 2 0 0 0 0 1 0 1 0 0 0 0 3 0 3 0 0 0 0 5 0 5 0 0 0 0 3 0 3 0 0 0 0 0 0 0 0 0 0 0 0 0 0 0 0 0 0 0 0 0 0 0 0 0 0 0 0 0 0 0 0 1 0 1 0 0 0 0 1 0 1 0 0 0 0 0 1 100 14
1 0 0 0 2 0 2 0 0 0 0 3 0 3 0 0 0 0 1 0 1 0 0 0 0 2 0 2 0 0 0 0 1 0 1 0 0 0 0 3 0 3 0 0 0 0 5 0 5 0 0 0 0 3 0 3 0 0 0 0 0 0 0 0 0 0 0 0 0 0 0 0 0 0 0 0 0 0 0 0 0 0 0 0 0 0 0 0 1 0 1 0 0 0 0 1 0 1 0 0 0 0 0 1000 100 14
1 0 0 0 2 0 2 0 0 0 0 3 0 3 0 0 0 0 1 0 1 0 0 0 0 2 0 2 0 0 0 0 1 0 1 0 0 0 0 3 0 3 0 0 0 0 5 0 5 0 0 0 0 3 0 3 0 0 0 0 0 0 0 0 0 0 0 0 0 0 0 0 0 0 0 0 0 0 0 0 0 0 0 0 0 0 0 0 1 0 1 0 0 0 0 1 0 1 0 0 0 0 0 100000 100 16
1 0 0 0 2 0 2 0 0 0 0 3 0 3 0 0 0 0 1 0 1 0 0 0 0 2 0 2 0 0 0 0 1 0 1 0 0 0 0 3 0 3 0 0 0 0 5 0 5 0 0 0 0 3 0 3 0 0 0 0 0 0 0 0 0 0 0 0 0 0 0 0 0 0 0 0 0 0 0 0 0 0 0 0 0 0 0 0 1 0 1 0 0 0 0 1 0 1 0 0 0 0 0 1000000 100 15
1 0 0 0 2 0 2 0 0 0 0 3 0 3 0 0 0 0 1 0 1 0 0 0 0 2 0 2 0 0 0 0 1 0 1 0 0 0 0 3 0 3 0 0 0 0 5 0 5 0 0 0 0 3 0 3 0 0 0 0 0 0 0 0 0 0 0 0 0 0 0 0 0 0 0 0 0 0 0 0 0 0 0 0 0 0 0 0 1 0 1 0 0 0 0 1 0 1 0 0 0 0 0 10000000 100 12
1 0 0 0 2 0 2 0 0 0 0 3 0 3 0 0 0 0 1 0 1 0 0 0 0 2 0 2 0 0 0 0 1 0 1 0 0 0 0 3 0 3 0 0 0 0 5 0 5 0 0 0 0 3 0 3 0 0 0 0 0 0 0 0 0 0 0 0 0 0 0 0 0 0 0 0 0 0 0 0 0 0 0 0 0 0 0 0 1 0 1 0 0 0 0 1 0 1 0 0 0 0 0 1 1000 16
1 0 0 0 2 0 2 0 0 0 0 3 0 3 0 0 0 0 1 0 1 0 0 0 0 2 0 2 0 0 0 0 1 0 1 0 0 0 0 3 0 3 0 0 0 0 5 0 5 0 0 0 0 3 0 3 0 0 0 0 0 0 0 0 0 0 0 0 0 0 0 0 0 0 0 0 0 0 0 0 0 0 0 0 0 0 0 0 1 0 1 0 0 0 0 1 0 1 0 0 0 0 0 1000 1000 12
1 0 0 0 2 0 2 0 0 0 0 3 0 3 0 0 0 0 1 0 1 0 0 0 0 2 0 2 0 0 0 0 1 0 1 0 0 0 0 3 0 3 0 0 0 0 5 0 5 0 0 0 0 3 0 3 0 0 0 0 0 0 0 0 0 0 0 0 0 0 0 0 0 0 0 0 0 0 0 0 0 0 0 0 0 0 0 0 1 0 1 0 0 0 0 1 0 1 0 0 0 0 0 100000 1000 14
1 0 0 0 2 0 2 0 0 0 0 3 0 3 0 0 0 0 1 0 1 0 0 0 0 2 0 2 0 0 0 0 1 0 1 0 0 0 0 3 0 3 0 0 0 0 5 0 5 0 0 0 0 3 0 3 0 0 0 0 0 0 0 0 0 0 0 0 0 0 0 0 0 0 0 0 0 0 0 0 0 0 0 0 0 0 0 0 1 0 1 0 0 0 0 1 0 1 0 0 0 0 0 1000000 1000 11
1 0 0 0 2 0 2 0 0 0 0 3 0 3 0 0 0 0 1 0 1 0 0 0 0 2 0 2 0 0 0 0 1 0 1 0 0 0 0 3 0 3 0 0 0 0 5 0 5 0 0 0 0 3 0 3 0 0 0 0 0 0 0 0 0 0 0 0 0 0 0 0 0 0 0 0 0 0 0 0 0 0 0 0 0 0 0 0 1 0 1 0 0 0 0 1 0 1 0 0 0 0 0 10000000 1000 13
1 0 0 0 4 0 4 0 0 0 0 1 0 1 0 0 0 0 0 0 0 0 0 0 0 3 0 3 0 0 0 0 3 0 3 0 0 0 0 3 0 3 0 0 0 0 2 0 2 0 0 0 0 4 0 4 0 0 0 0 0 0 0 0 0 0 0 0 0 0 0 0 0 0 0 0 0 0 0 0 0 0 0 0 0 0 0 0 1 0 1 0 0 0 0 1 0 1 0 0 0 0 0 1 1 22
1 0 0 0 4 0 4 0 0 0 0 1 0 1 0 0 0 0 0 0 0 0 0 0 0 3 0 3 0 0 0 0 3 0 3 0 0 0 0 3 0 3 0 0 0 0 2 0 2 0 0 0 0 4 0 4 0 0 0 0 0 0 0 0 0 0 0 0 0 0 0 0 0 0 0 0 0 0 0 0 0 0 0 0 0 0 0 0 1 0 1 0 0 0 0 1 0 1 0 0 0 0 0 1000 1 11
1 0 0 0 4 0 4 0 0 0 0 1 0 1 0 0 0 0 0 0 0 0 0 0 0 3 0 3 0 0 0 0 3 0 3 0 0 0 0 3 0 3 0 0 0 0 2 0 2 0 0 0 0 4 0 4 0 0 0 0 0 0 0 0 0 0 0 0 0 0 0 0 0 0 0 0 0 0 0 0 0 0 0 0 0 0 0 0 1 0 1 0 0 0 0 1 0 1 0 0 0 0 0 100000 1 11
1 0 0 0 4 0 4 0 0 0 0 1 0 1 0 0 0 0 0 0 0 0 0 0 0 3 0 3 0 0 0 0 3 0 3 0 0 0 0 3 0 3 0 0 0 0 2 0 2 0 0 0 0 4 0 4 0 0 0 0 0 0 0 0 0 0 0 0 0 0 0 0 0 0 0 0 0 0 0 0 0 0 0 0 0 0 0 0 1 0 1 0 0 0 0 1 0 1 0 0 0 0 0 1000000 1 12
1 0 0 0 4 0 4 0 0 0 0 1 0 1 0 0 0 0 0 0 0 0 0 0 0 3 0 3 0 0 0 0 3 0 3 0 0 0 0 3 0 3 0 0 0 0 2 0 2 0 0 0 0 4 0 4 0 0 0 0 0 0 0 0 0 0 0 0 0 0 0 0 0 0 0 0 0 0 0 0 0 0 0 0 0 0 0 0 1 0 1 0 0 0 0 1 0 1 0 0 0 0 0 10000000 1 12
1 0 0 0 4 0 4 0 0 0 0 1 0 1 0 0 0 0 0 0 0 0 0 0 0 3 0 3 0 0 0 0 3 0 3 0 0 0 0 3 0 3 0 0 0 0 2 0 2 0 0 0 0 4 0 4 0 0 0 0 0 0 0 0 0 0 0 0 0 0 0 0 0 0 0 0 0 0 0 0 0 0 0 0 0 0 0 0 1 0 1 0 0 0 0 1 0 1 0 0 0 0 0 1 10 13
1 0 0 0 4 0 4 0 0 0 0 1 0 1 0 0 0 0 0 0 0 0 0 0 0 3 0 3 0 0 0 0 3 0 3 0 0 0 0 3 0 3 0 0 0 0 2 0 2 0 0 0 0 4 0 4 0 0 0 0 0 0 0 0 0 0 0 0 0 0 0 0 0 0 0 0 0 0 0 0 0 0 0 0 0 0 0 0 1 0 1 0 0 0 0 1 0 1 0 0 0 0 0 1000 10 11
1 0 0 0 4 0 4 0 0 0 0 1 0 1 0 0 0 0 0 0 0 0 0 0 0 3 0 3 0 0 0 0 3 0 3 0 0 0 0 3 0 3 0 0 0 0 2 0 2 0 0 0 0 4 0 4 0 0 0 0 0 0 0 0 0 0 0 0 0 0 0 0 0 0 0 0 0 0 0 0 0 0 0 0 0 0 0 0 1 0 1 0 0 0 0 1 0 1 0 0 0 0 0 100000 10 11
1 0 0 0 4 0 4 0 0 0 0 1 0 1 0 0 0 0 0 0 0 0 0 0 0 3 0 3 0 0 0 0 3 0 3 0 0 0 0 3 0 3 0 0 0 0 2 0 2 0 0 0 0 4 0 4 0 0 0 0 0 0 0 0 0 0 0 0 0 0 0 0 0 0 0 0 0 0 0 0 0 0 0 0 0 0 0 0 1 0 1 0 0 0 0 1 0 1 0 0 0 0 0 1000000 10 12
1 0 0 0 4 0 4 0 0 0 0 1 0 1 0 0 0 0 0 0 0 0 0 0 0 3 0 3 0 0 0 0 3 0 3 0 0 0 0 3 0 3 0 0 0 0 2 0 2 0 0 0 0 4 0 4 0 0 0 0 0 0 0 0 0 0 0 0 0 0 0 0 0 0 0 0 0 0 0 0 0 0 0 0 0 0 0 0 1 0 1 0 0 0 0 1 0 1 0 0 0 0 0 10000000 10 11
1 0 0 0 4 0 4 0 0 0 0 1 0 1 0 0 0 0 0 0 0 0 0 0 0 3 0 3 0 0 0 0 3 0 3 0 0 0 0 3 0 3 0 0 0 0 2 0 2 0 0 0 0 4 0 4 0 0 0 0 0 0 0 0 0 0 0 0 0 0 0 0 0 0 0 0 0 0 0 0 0 0 0 0 0 0 0 0 1 0 1 0 0 0 0 1 0 1 0 0 0 0 0 1 100 10
1 0 0 0 4 0 4 0 0 0 0 1 0 1 0 0 0 0 0 0 0 0 0 0 0 3 0 3 0 0 0 0 3 0 3 0 0 0 0 3 0 3 0 0 0 0 2 0 2 0 0 0 0 4 0 4 0 0 0 0 0 0 0 0 0 0 0 0 0 0 0 0 0 0 0 0 0 0 0 0 0 0 0 0 0 0 0 0 1 0 1 0 0 0 0 1 0 1 0 0 0 0 0 1000 100 13
1 0 0 0 4 0 4 0 0 0 0 1 0 1 0 0 0 0 0 0 0 0 0 0 0 3 0 3 0 0 0 0 3 0 3 0 0 0 0 3 0 3 0 0 0 0 2 0 2 0 0 0 0 4 0 4 0 0 0 0 0 0 0 0 0 0 0 0 0 0 0 0 0 0 0 0 0 0 0 0 0 0 0 0 0 0 0 0 1 0 1 0 0 0 0 1 0 1 0 0 0 0 0 100000 100 12
1 0 0 0 4 0 4 0 0 0 0 1 0 1 0 0 0 0 0 0 0 0 0 0 0 3 0 3 0 0 0 0 3 0 3 0 0 0 0 3 0 3 0 0 0 0 2 0 2 0 0 0 0 4 0 4 0 0 0 0 0 0 0 0 0 0 0 0 0 0 0 0 0 0 0 0 0 0 0 0 0 0 0 0 0 0 0 0 1 0 1 0 0 0 0 1 0 1 0 0 0 0 0 1000000 100 13
1 0 0 0 4 0 4 0 0 0 0 1 0 1 0 0 0 0 0 0 0 0 0 0 0 3 0 3 0 0 0 0 3 0 3 0 0 0 0 3 0 3 0 0 0 0 2 0 2 0 0 0 0 4 0 4 0 0 0 0 0 0 0 0 0 0 0 0 0 0 0 0 0 0 0 0 0 0 0 0 0 0 0 0 0 0 0 0 1 0 1 0 0 0 0 1 0 1 0 0 0 0 0 10000000 100 12
1 0 0 0 4 0 4 0 0 0 0 1 0 1 0 0 0 0 0 0 0 0 0 0 0 3 0 3 0 0 0 0 3 0 3 0 0 0 0 3 0 3 0 0 0 0 2 0 2 0 0 0 0 4 0 4 0 0 0 0 0 0 0 0 0 0 0 0 0 0 0 0 0 0 0 0 0 0 0 0 0 0 0 0 0 0 0 0 1 0 1 0 0 0 0 1 0 1 0 0 0 0 0 1 1000 12
1 0 0 0 4 0 4 0 0 0 0 1 0 1 0 0 0 0 0 0 0 0 0 0 0 3 0 3 0 0 0 0 3 0 3 0 0 0 0 3 0 3 0 0 0 0 2 0 2 0 0 0 0 4 0 4 0 0 0 0 0 0 0 0 0 0 0 0 0 0 0 0 0 0 0 0 0 0 0 0 0 0 0 0 0 0 0 0 1 0 1 0 0 0 0 1 0 1 0 0 0 0 0 1000 1000 12
1 0 0 0 4 0 4 0 0 0 0 1 0 1 0 0 0 0 0 0 0 0 0 0 0 3 0 3 0 0 0 0 3 0 3 0 0 0 0 3 0 3 0 0 0 0 2 0 2 0 0 0 0 4 0 4 0 0 0 0 0 0 0 0 0 0 0 0 0 0 0 0 0 0 0 0 0 0 0 0 0 0 0 0 0 0 0 0 1 0 1 0 0 0 0 1 0 1 0 0 0 0 0 100000 1000 11
1 0 0 0 4 0 4 0 0 0 0 1 0 1 0 0 0 0 0 0 0 0 0 0 0 3 0 3 0 0 0 0 3 0 3 0 0 0 0 3 0 3 0 0 0 0 2 0 2 0 0 0 0 4 0 4 0 0 0 0 0 0 0 0 0 0 0 0 0 0 0 0 0 0 0 0 0 0 0 0 0 0 0 0 0 0 0 0 1 0 1 0 0 0 0 1 0 1 0 0 0 0 0 1000000 1000 12
1 0 0 0 4 0 4 0 0 0 0 1 0 1 0 0 0 0 0 0 0 0 0 0 0 3 0 3 0 0 0 0 3 0 3 0 0 0 0 3 0 3 0 0 0 0 2 0 2 0 0 0 0 4 0 4 0 0 0 0 0 0 0 0 0 0 0 0 0 0 0 0 0 0 0 0 0 0 0 0 0 0 0 0 0 0 0 0 1 0 1 0 0 0 0 1 0 1 0 0 0 0 0 10000000 1000 13
1 0 0 0 5 0 5 0 0 0 0 2 0 2 0 0 0 0 0 0 0 0 0 0 0 4 0 4 0 0 0 0 2 0 2 0 0 0 0 3 0 3 0 0 0 0 2 0 2 0 0 0 0 2 0 2 0 0 0 0 0 0 0 0 0 0 0 0 0 0 0 0 0 0 0 0 0 0 0 0 0 0 0 0 0 0 0 0 1 0 1 0 0 0 0 1 0 1 0 0 0 0 0 1 1 21
1 0 0 0 5 0 5 0 0 0 0 2 0 2 0 0 0 0 0 0 0 0 0 0 0 4 0 4 0 0 0 0 2 0 2 0 0 0 0 3 0 3 0 0 0 0 2 0 2 0 0 0 0 2 0 2 0 0 0 0 0 0 0 0 0 0 0 0 0 0 0 0 0 0 0 0 0 0 0 0 0 0 0 0 0 0 0 0 1 0 1 0 0 0 0 1 0 1 0 0 0 0 0 1000 1 10
1 0 0 0 5 0 5 0 0 0 0 2 0 2 0 0 0 0 0 0 0 0 0 0 0 4 0 4 0 0 0 0 2 0 2 0 0 0 0 3 0 3 0 0 0 0 2 0 2 0 0 0 0 2 0 2 0 0 0 0 0 0 0 0 0 0 0 0 0 0 0 0 0 0 0 0 0 0 0 0 0 0 0 0 0 0 0 0 1 0 1 0 0 0 0 1 0 1 0 0 0 0 0 100000 1 13
1 0 0 0 5 0 5 0 0 0 0 2 0 2 0 0 0 0 0 0 0 0 0 0 0 4 0 4 0 0 0 0 2 0 2 0 0 0 0 3 0 3 0 0 0 0 2 0 2 0 0 0 0 2 0 2 0 0 0 0 0 0 0 0 0 0 0 0 0 0 0 0 0 0 0 0 0 0 0 0 0 0 0 0 0 0 0 0 1 0 1 0 0 0 0 1 0 1 0 0 0 0 0 1000000 1 12
1 0 0 0 5 0 5 0 0 0 0 2 0 2 0 0 0 0 0 0 0 0 0 0 0 4 0 4 0 0 0 0 2 0 2 0 0 0 0 3 0 3 0 0 0 0 2 0 2 0 0 0 0 2 0 2 0 0 0 0 0 0 0 0 0 0 0 0 0 0 0 0 0 0 0 0 0 0 0 0 0 0 0 0 0 0 0 0 1 0 1 0 0 0 0 1 0 1 0 0 0 0 0 10000000 1 12
1 0 0 0 5 0 5 0 0 0 0 2 0 2 0 0 0 0 0 0 0 0 0 0 0 4 0 4 0 0 0 0 2 0 2 0 0 0 0 3 0 3 0 0 0 0 2 0 2 0 0 0 0 2 0 2 0 0 0 0 0 0 0 0 0 0 0 0 0 0 0 0 0 0 0 0 0 0 0 0 0 0 0 0 0 0 0 0 1 0 1 0 0 0 0 1 0 1 0 0 0 0 0 1 10 12
1 0 0 0 5 0 5 0 0 0 0 2 0 2 0 0 0 0 0 0 0 0 0 0 0 4 0 4 0 0 0 0 2 0 2 0 0 0 0 3 0 3 0 0 0 0 2 0 2 0 0 0 0 2 0 2 0 0 0 0 0 0 0 0 0 0 0 0 0 0 0 0 0 0 0 0 0 0 0 0 0 0 0 0 0 0 0 0 1 0 1 0 0 0 0 1 0 1 0 0 0 0 0 1000 10 11
1 0 0 0 5 0 5 0 0 0 0 2 0 2 0 0 0 0 0 0 0 0 0 0 0 4 0 4 0 0 0 0 2 0 2 0 0 0 0 3 0 3 0 0 0 0 2 0 2 0 0 0 0 2 0 2 0 0 0 0 0 0 0 0 0 0 0 0 0 0 0 0 0 0 0 0 0 0 0 0 0 0 0 0 0 0 0 0 1 0 1 0 0 0 0 1 0 1 0 0 0 0 0 100000 10 10
1 0 0 0 5 0 5 0 0 0 0 2 0 2 0 0 0 0 0 0 0 0 0 0 0 4 0 4 0 0 0 0 2 0 2 0 0 0 0 3 0 3 0 0 0 0 2 0 2 0 0 0 0 2 0 2 0 0 0 0 0 0 0 0 0 0 0 0 0 0 0 0 0 0 0 0 0 0 0 0 0 0 0 0 0 0 0 0 1 0 1 0 0 0 0 1 0 1 0 0 0 0 0 1000000 10 12
1 0 0 0 5 0 5 0 0 0 0 2 0 2 0 0 0 0 0 0 0 0 0 0 0 4 0 4 0 0 0 0 2 0 2 0 0 0 0 3 0 3 0 0 0 0 2 0 2 0 0 0 0 2 0 2 0 0 0 0 0 0 0 0 0 0 0 0 0 0 0 0 0 0 0 0 0 0 0 0 0 0 0 0 0 0 0 0 1 0 1 0 0 0 0 1 0 1 0 0 0 0 0 10000000 10 11
1 0 0 0 5 0 5 0 0 0 0 2 0 2 0 0 0 0 0 0 0 0 0 0 0 4 0 4 0 0 0 0 2 0 2 0 0 0 0 3 0 3 0 0 0 0 2 0 2 0 0 0 0 2 0 2 0 0 0 0 0 0 0 0 0 0 0 0 0 0 0 0 0 0 0 0 0 0 0 0 0 0 0 0 0 0 0 0 1 0 1 0 0 0 0 1 0 1 0 0 0 0 0 1 100 20
1 0 0 0 5 0 5 0 0 0 0 2 0 2 0 0 0 0 0 0 0 0 0 0 0 4 0 4 0 0 0 0 2 0 2 0 0 0 0 3 0 3 0 0 0 0 2 0 2 0 0 0 0 2 0 2 0 0 0 0 0 0 0 0 0 0 0 0 0 0 0 0 0 0 0 0 0 0 0 0 0 0 0 0 0 0 0 0 1 0 1 0 0 0 0 1 0 1 0 0 0 0 0 1000 100 9
1 0 0 0 5 0 5 0 0 0 0 2 0 2 0 0 0 0 0 0 0 0 0 0 0 4 0 4 0 0 0 0 2 0 2 0 0 0 0 3 0 3 0 0 0 0 2 0 2 0 0 0 0 2 0 2 0 0 0 0 0 0 0 0 0 0 0 0 0 0 0 0 0 0 0 0 0 0 0 0 0 0 0 0 0 0 0 0 1 0 1 0 0 0 0 1 0 1 0 0 0 0 0 100000 100 10
1 0 0 0 5 0 5 0 0 0 0 2 0 2 0 0 0 0 0 0 0 0 0 0 0 4 0 4 0 0 0 0 2 0 2 0 0 0 0 3 0 3 0 0 0 0 2 0 2 0 0 0 0 2 0 2 0 0 0 0 0 0 0 0 0 0 0 0 0 0 0 0 0 0 0 0 0 0 0 0 0 0 0 0 0 0 0 0 1 0 1 0 0 0 0 1 0 1 0 0 0 0 0 1000000 100 10
1 0 0 0 5 0 5 0 0 0 0 2 0 2 0 0 0 0 0 0 0 0 0 0 0 4 0 4 0 0 0 0 2 0 2 0 0 0 0 3 0 3 0 0 0 0 2 0 2 0 0 0 0 2 0 2 0 0 0 0 0 0 0 0 0 0 0 0 0 0 0 0 0 0 0 0 0 0 0 0 0 0 0 0 0 0 0 0 1 0 1 0 0 0 0 1 0 1 0 0 0 0 0 10000000 100 10
1 0 0 0 5 0 5 0 0 0 0 2 0 2 0 0 0 0 0 0 0 0 0 0 0 4 0 4 0 0 0 0 2 0 2 0 0 0 0 3 0 3 0 0 0 0 2 0 2 0 0 0 0 2 0 2 0 0 0 0 0 0 0 0 0 0 0 0 0 0 0 0 0 0 0 0 0 0 0 0 0 0 0 0 0 0 0 0 1 0 1 0 0 0 0 1 0 1 0 0 0 0 0 1 1000 11
1 0 0 0 5 0 5 0 0 0 0 2 0 2 0 0 0 0 0 0 0 0 0 0 0 4 0 4 0 0 0 0 2 0 2 0 0 0 0 3 0 3 0 0 0 0 2 0 2 0 0 0 0 2 0 2 0 0 0 0 0 0 0 0 0 0 0 0 0 0 0 0 0 0 0 0 0 0 0 0 0 0 0 0 0 0 0 0 1 0 1 0 0 0 0 1 0 1 0 0 0 0 0 1000 1000 12
1 0 0 0 5 0 5 0 0 0 0 2 0 2 0 0 0 0 0 0 0 0 0 0 0 4 0 4 0 0 0 0 2 0 2 0 0 0 0 3 0 3 0 0 0 0 2 0 2 0 0 0 0 2 0 2 0 0 0 0 0 0 0 0 0 0 0 0 0 0 0 0 0 0 0 0 0 0 0 0 0 0 0 0 0 0 0 0 1 0 1 0 0 0 0 1 0 1 0 0 0 0 0 100000 1000 10
1 0 0 0 5 0 5 0 0 0 0 2 0 2 0 0 0 0 0 0 0 0 0 0 0 4 0 4 0 0 0 0 2 0 2 0 0 0 0 3 0 3 0 0 0 0 2 0 2 0 0 0 0 2 0 2 0 0 0 0 0 0 0 0 0 0 0 0 0 0 0 0 0 0 0 0 0 0 0 0 0 0 0 0 0 0 0 0 1 0 1 0 0 0 0 1 0 1 0 0 0 0 0 1000000 1000 10
1 0 0 0 5 0 5 0 0 0 0 2 0 2 0 0 0 0 0 0 0 0 0 0 0 4 0 4 0 0 0 0 2 0 2 0 0 0 0 3 0 3 0 0 0 0 2 0 2 0 0 0 0 2 0 2 0 0 0 0 0 0 0 0 0 0 0 0 0 0 0 0 0 0 0 0 0 0 0 0 0 0 0 0 0 0 0 0 1 0 1 0 0 0 0 1 0 1 0 0 0 0 0 10000000 1000 35
1 0 0 0 2 0 2 0 0 0 0 3 0 3 0 0 0 0 4 0 4 0 0 0 0 2 0 2 0 0 0 0 4 0 4 0 0 0 0 3 0 3 0 0 0 0 0 0 0 0 0 0 0 2 0 2 0 0 0 0 0 0 0 0 0 0 0 0 0 0 0 0 0 0 0 0 0 0 0 0 0 0 0 0 0 0 0 0 1 0 1 0 0 0 0 1 0 1 0 0 0 0 0 1 1 21
1 0 0 0 2 0 2 0 0 0 0 3 0 3 0 0 0 0 4 0 4 0 0 0 0 2 0 2 0 0 0 0 4 0 4 0 0 0 0 3 0 3 0 0 0 0 0 0 0 0 0 0 0 2 0 2 0 0 0 0 0 0 0 0 0 0 0 0 0 0 0 0 0 0 0 0 0 0 0 0 0 0 0 0 0 0 0 0 1 0 1 0 0 0 0 1 0 1 0 0 0 0 0 1000 1 15
1 0 0 0 2 0 2 0 0 0 0 3 0 3 0 0 0 0 4 0 4 0 0 0 0 2 0 2 0 0 0 0 4 0 4 0 0 0 0 3 0 3 0 0 0 0 0 0 0 0 0 0 0 2 0 2 0 0 0 0 0 0 0 0 0 0 0 0 0 0 0 0 0 0 0 0 0 0 0 0 0 0 0 0 0 0 0 0 1 0 1 0 0 0 0 1 0 1 0 0 0 0 0 100000 1 10
1 0 0 0 2 0 2 0 0 0 0 3 0 3 0 0 0 0 4 0 4 0 0 0 0 2 0 2 0 0 0 0 4 0 4 0 0 0 0 3 0 3 0 0 0 0 0 0 0 0 0 0 0 2 0 2 0 0 0 0 0 0 0 0 0 0 0 0 0 0 0 0 0 0 0 0 0 0 0 0 0 0 0 0 0 0 0 0 1 0 1 0 0 0 0 1 0 1 0 0 0 0 0 1000000 1 26
1 0 0 0 2 0 2 0 0 0 0 3 0 3 0 0 0 0 4 0 4 0 0 0 0 2 0 2 0 0 0 0 4 0 4 0 0 0 0 3 0 3 0 0 0 0 0 0 0 0 0 0 0 2 0 2 0 0 0 0 0 0 0 0 0 0 0 0 0 0 0 0 0 0 0 0 0 0 0 0 0 0 0 0 0 0 0 0 1 0 1 0 0 0 0 1 0 1 0 0 0 0 0 10000000 1 12
1 0 0 0 2 0 2 0 0 0 0 3 0 3 0 0 0 0 4 0 4 0 0 0 0 2 0 2 0 0 0 0 4 0 4 0 0 0 0 3 0 3 0 0 0 0 0 0 0 0 0 0 0 2 0 2 0 0 0 0 0 0 0 0 0 0 0 0 0 0 0 0 0 0 0 0 0 0 0 0 0 0 0 0 0 0 0 0 1 0 1 0 0 0 0 1 0 1 0 0 0 0 0 1 10 10
1 0 0 0 2 0 2 0 0 0 0 3 0 3 0 0 0 0 4 0 4 0 0 0 0 2 0 2 0 0 0 0 4 0 4 0 0 0 0 3 0 3 0 0 0 0 0 0 0 0 0 0 0 2 0 2 0 0 0 0 0 0 0 0 0 0 0 0 0 0 0 0 0 0 0 0 0 0 0 0 0 0 0 0 0 0 0 0 1 0 1 0 0 0 0 1 0 1 0 0 0 0 0 1000 10 12
1 0 0 0 2 0 2 0 0 0 0 3 0 3 0 0 0 0 4 0 4 0 0 0 0 2 0 2 0 0 0 0 4 0 4 0 0 0 0 3 0 3 0 0 0 0 0 0 0 0 0 0 0 2 0 2 0 0 0 0 0 0 0 0 0 0 0 0 0 0 0 0 0 0 0 0 0 0 0 0 0 0 0 0 0 0 0 0 1 0 1 0 0 0 0 1 0 1 0 0 0 0 0 100000 10 10
1 0 0 0 2 0 2 0 0 0 0 3 0 3 0 0 0 0 4 0 4 0 0 0 0 2 0 2 0 0 0 0 4 0 4 0 0 0 0 3 0 3 0 0 0 0 0 0 0 0 0 0 0 2 0 2 0 0 0 0 0 0 0 0 0 0 0 0 0 0 0 0 0 0 0 0 0 0 0 0 0 0 0 0 0 0 0 0 1 0 1 0 0 0 0 1 0 1 0 0 0 0 0 1000000 10 21
1 0 0 0 2 0 2 0 0 0 0 3 0 3 0 0 0 0 4 0 4 0 0 0 0 2 0 2 0 0 0 0 4 0 4 0 0 0 0 3 0 3 0 0 0 0 0 0 0 0 0 0 0 2 0 2 0 0 0 0 0 0 0 0 0 0 0 0 0 0 0 0 0 0 0 0 0 0 0 0 0 0 0 0 0 0 0 0 1 0 1 0 0 0 0 1 0 1 0 0 0 0 0 10000000 10 20
1 0 0 0 2 0 2 0 0 0 0 3 0 3 0 0 0 0 4 0 4 0 0 0 0 2 0 2 0 0 0 0 4 0 4 0 0 0 0 3 0 3 0 0 0 0 0 0 0 0 0 0 0 2 0 2 0 0 0 0 0 0 0 0 0 0 0 0 0 0 0 0 0 0 0 0 0 0 0 0 0 0 0 0 0 0 0 0 1 0 1 0 0 0 0 1 0 1 0 0 0 0 0 1 100 11
1 0 0 0 2 0 2 0 0 0 0 3 0 3 0 0 0 0 4 0 4 0 0 0 0 2 0 2 0 0 0 0 4 0 4 0 0 0 0 3 0 3 0 0 0 0 0 0 0 0 0 0 0 2 0 2 0 0 0 0 0 0 0 0 0 0 0 0 0 0 0 0 0 0 0 0 0 0 0 0 0 0 0 0 0 0 0 0 1 0 1 0 0 0 0 1 0 1 0 0 0 0 0 1000 100 28
1 0 0 0 2 0 2 0 0 0 0 3 0 3 0 0 0 0 4 0 4 0 0 0 0 2 0 2 0 0 0 0 4 0 4 0 0 0 0 3 0 3 0 0 0 0 0 0 0 0 0 0 0 2 0 2 0 0 0 0 0 0 0 0 0 0 0 0 0 0 0 0 0 0 0 0 0 0 0 0 0 0 0 0 0 0 0 0 1 0 1 0 0 0 0 1 0 1 0 0 0 0 0 100000 100 14
1 0 0 0 2 0 2 0 0 0 0 3 0 3 0 0 0 0 4 0 4 0 0 0 0 2 0 2 0 0 0 0 4 0 4 0 0 0 0 3 0 3 0 0 0 0 0 0 0 0 0 0 0 2 0 2 0 0 0 0 0 0 0 0 0 0 0 0 0 0 0 0 0 0 0 0 0 0 0 0 0 0 0 0 0 0 0 0 1 0 1 0 0 0 0 1 0 1 0 0 0 0 0 1000000 100 10
1 0 0 0 2 0 2 0 0 0 0 3 0 3 0 0 0 0 4 0 4 0 0 0 0 2 0 2 0 0 0 0 4 0 4 0 0 0 0 3 0 3 0 0 0 0 0 0 0 0 0 0 0 2 0 2 0 0 0 0 0 0 0 0 0 0 0 0 0 0 0 0 0 0 0 0 0 0 0 0 0 0 0 0 0 0 0 0 1 0 1 0 0 0 0 1 0 1 0 0 0 0 0 10000000 100 11
1 0 0 0 2 0 2 0 0 0 0 3 0 3 0 0 0 0 4 0 4 0 0 0 0 2 0 2 0 0 0 0 4 0 4 0 0 0 0 3 0 3 0 0 0 0 0 0 0 0 0 0 0 2 0 2 0 0 0 0 0 0 0 0 0 0 0 0 0 0 0 0 0 0 0 0 0 0 0 0 0 0 0 0 0 0 0 0 1 0 1 0 0 0 0 1 0 1 0 0 0 0 0 1 1000 16
1 0 0 0 2 0 2 0 0 0 0 3 0 3 0 0 0 0 4 0 4 0 0 0 0 2 0 2 0 0 0 0 4 0 4 0 0 0 0 3 0 3 0 0 0 0 0 0 0 0 0 0 0 2 0 2 0 0 0 0 0 0 0 0 0 0 0 0 0 0 0 0 0 0 0 0 0 0 0 0 0 0 0 0 0 0 0 0 1 0 1 0 0 0 0 1 0 1 0 0 0 0 0 1000 1000 12
1 0 0 0 2 0 2 0 0 0 0 3 0 3 0 0 0 0 4 0 4 0 0 0 0 2 0 2 0 0 0 0 4 0 4 0 0 0 0 3 0 3 0 0 0 0 0 0 0 0 0 0 0 2 0 2 0 0 0 0 0 0 0 0 0 0 0 0 0 0 0 0 0 0 0 0 0 0 0 0 0 0 0 0 0 0 0 0 1 0 1 0 0 0 0 1 0 1 0 0 0 0 0 100000 1000 11
1 0 0 0 2 0 2 0 0 0 0 3 0 3 0 0 0 0 4 0 4 0 0 0 0 2 0 2 0 0 0 0 4 0 4 0 0 0 0 3 0 3 0 0 0 0 0 0 0 0 0 0 0 2 0 2 0 0 0 0 0 0 0 0 0 0 0 0 0 0 0 0 0 0 0 0 0 0 0 0 0 0 0 0 0 0 0 0 1 0 1 0 0 0 0 1 0 1 0 0 0 0 0 1000000 1000 11
1 0 0 0 0 0 1 0 0 0 0 0 0 3 0 0 0 0 0 0 4 0 0 0 0 0 0 1 0 0 0 0 0 0 2 0 0 0 0 0 0 4 0 0 0 0 0 0 1 0 0 0 0 0 0 4 0 0 0 0 0 0 0 0 0 0 0 0 0 0 0 0 0 0 0 0 0 0 0 0 0 0 0 0 0 0 0 0 0 0 1 0 0 0 0 0 0 1 0 0 0 0 0 1 1 14379
1 0 0 0 0 0 1 0 0 0 0 0 0 3 0 0 0 0 0 0 4 0 0 0 0 0 0 1 0 0 0 0 0 0 2 0 0 0 0 0 0 4 0 0 0 0 0 0 1 0 0 0 0 0 0 4 0 0 0 0 0 0 0 0 0 0 0 0 0 0 0 0 0 0 0 0 0 0 0 0 0 0 0 0 0 0 0 0 0 0 1 0 0 0 0 0 0 1 0 0 0 0 0 1000 1 1093
1 0 0 0 0 0 1 0 0 0 0 0 0 3 0 0 0 0 0 0 4 0 0 0 0 0 0 1 0 0 0 0 0 0 2 0 0 0 0 0 0 4 0 0 0 0 0 0 1 0 0 0 0 0 0 4 0 0 0 0 0 0 0 0 0 0 0 0 0 0 0 0 0 0 0 0 0 0 0 0 0 0 0 0 0 0 0 0 0 0 1 0 0 0 0 0 0 1 0 0 0 0 0 100000 1 1041
1 0 0 0 0 0 1 0 0 0 0 0 0 3 0 0 0 0 0 0 4 0 0 0 0 0 0 1 0 0 0 0 0 0 2 0 0 0 0 0 0 4 0 0 0 0 0 0 1 0 0 0 0 0 0 4 0 0 0 0 0 0 0 0 0 0 0 0 0 0 0 0 0 0 0 0 0 0 0 0 0 0 0 0 0 0 0 0 0 0 1 0 0 0 0 0 0 1 0 0 0 0 0 1000000 1 1692
1 0 0 0 0 1 1 0 0 0 0 0 4 4 0 0 0 0 0 4 4 0 0 0 0 0 3 3 0 0 0 0 0 3 3 0 0 0 0 0 2 2 0 0 0 0 0 1 1 0 0 0 0 0 2 2 0 0 0 0 0 0 0 0 0 0 0 0 0 0 0 0 0 0 0 0 0 0 0 0 0 0 0 0 0 0 0 0 0 1 1 0 0 0 0 0 1 1 0 0 0 0 0 1 1 5021
1 0 0 0 0 1 1 0 0 0 0 0 4 4 0 0 0 0 0 4 4 0 0 0 0 0 3 3 0 0 0 0 0 3 3 0 0 0 0 0 2 2 0 0 0 0 0 1 1 0 0 0 0 0 2 2 0 0 0 0 0 0 0 0 0 0 0 0 0 0 0 0 0 0 0 0 0 0 0 0 0 0 0 0 0 0 0 0 0 1 1 0 0 0 0 0 1 1 0 0 0 0 0 1000 1 274
1 0 0 0 0 1 1 0 0 0 0 0 4 4 0 0 0 0 0 4 4 0 0 0 0 0 3 3 0 0 0 0 0 3 3 0 0 0 0 0 2 2 0 0 0 0 0 1 1 0 0 0 0 0 2 2 0 0 0 0 0 0 0 0 0 0 0 0 0 0 0 0 0 0 0 0 0 0 0 0 0 0 0 0 0 0 0 0 0 1 1 0 0 0 0 0 1 1 0 0 0 0 0 100000 1 14202